Time 	 E 	 L 	 Deviation in E 	 Deviation in L
0.00000e+00 	 -5.00000e-01 	 1.00000e+00	0.000000e+00 	 0.0000000000000000e+00
1.25664e-02 	 -5.00000e-01 	 1.00000e+00	1.110223e-16 	 2.2204460492503131e-16
2.51327e-02 	 -5.00000e-01 	 1.00000e+00	0.000000e+00 	 2.2204460492503131e-16
3.76991e-02 	 -5.00000e-01 	 1.00000e+00	5.551115e-17 	 2.2204460492503131e-16
5.02655e-02 	 -5.00000e-01 	 1.00000e+00	0.000000e+00 	 0.0000000000000000e+00
6.28319e-02 	 -5.00000e-01 	 1.00000e+00	2.220446e-16 	 1.1102230246251565e-16
7.53982e-02 	 -5.00000e-01 	 1.00000e+00	2.220446e-16 	 2.2204460492503131e-16
8.79646e-02 	 -5.00000e-01 	 1.00000e+00	4.440892e-16 	 3.3306690738754696e-16
1.00531e-01 	 -5.00000e-01 	 1.00000e+00	3.330669e-16 	 3.3306690738754696e-16
1.13097e-01 	 -5.00000e-01 	 1.00000e+00	4.440892e-16 	 3.3306690738754696e-16
1.25664e-01 	 -5.00000e-01 	 1.00000e+00	4.440892e-16 	 3.3306690738754696e-16
1.38230e-01 	 -5.00000e-01 	 1.00000e+00	3.330669e-16 	 2.2204460492503131e-16
1.50796e-01 	 -5.00000e-01 	 1.00000e+00	4.440892e-16 	 3.3306690738754696e-16
1.63363e-01 	 -5.00000e-01 	 1.00000e+00	2.220446e-16 	 2.2204460492503131e-16
1.75929e-01 	 -5.00000e-01 	 1.00000e+00	2.220446e-16 	 1.1102230246251565e-16
1.88496e-01 	 -5.00000e-01 	 1.00000e+00	1.110223e-16 	 0.0000000000000000e+00
2.01062e-01 	 -5.00000e-01 	 1.00000e+00	1.110223e-16 	 1.1102230246251565e-16
2.13628e-01 	 -5.00000e-01 	 1.00000e+00	0.000000e+00 	 0.0000000000000000e+00
2.26195e-01 	 -5.00000e-01 	 1.00000e+00	0.000000e+00 	 0.0000000000000000e+00
2.38761e-01 	 -5.00000e-01 	 1.00000e+00	0.000000e+00 	 0.0000000000000000e+00
2.51327e-01 	 -5.00000e-01 	 1.00000e+00	0.000000e+00 	 0.0000000000000000e+00
2.63894e-01 	 -5.00000e-01 	 1.00000e+00	5.551115e-17 	 0.0000000000000000e+00
2.76460e-01 	 -5.00000e-01 	 1.00000e+00	1.110223e-16 	 0.0000000000000000e+00
2.89027e-01 	 -5.00000e-01 	 1.00000e+00	0.000000e+00 	 0.0000000000000000e+00
3.01593e-01 	 -5.00000e-01 	 1.00000e+00	0.000000e+00 	 2.2204460492503131e-16
3.14159e-01 	 -5.00000e-01 	 1.00000e+00	1.110223e-16 	 0.0000000000000000e+00
3.26726e-01 	 -5.00000e-01 	 1.00000e+00	0.000000e+00 	 0.0000000000000000e+00
3.39292e-01 	 -5.00000e-01 	 1.00000e+00	1.110223e-16 	 0.0000000000000000e+00
3.51858e-01 	 -5.00000e-01 	 1.00000e+00	0.000000e+00 	 0.0000000000000000e+00
3.64425e-01 	 -5.00000e-01 	 1.00000e+00	1.110223e-16 	 1.1102230246251565e-16
3.76991e-01 	 -5.00000e-01 	 1.00000e+00	2.220446e-16 	 2.2204460492503131e-16
3.89557e-01 	 -5.00000e-01 	 1.00000e+00	2.220446e-16 	 0.0000000000000000e+00
4.02124e-01 	 -5.00000e-01 	 1.00000e+00	2.220446e-16 	 2.2204460492503131e-16
4.14690e-01 	 -5.00000e-01 	 1.00000e+00	1.110223e-16 	 2.2204460492503131e-16
4.27257e-01 	 -5.00000e-01 	 1.00000e+00	1.110223e-16 	 1.1102230246251565e-16
4.39823e-01 	 -5.00000e-01 	 1.00000e+00	1.110223e-16 	 1.1102230246251565e-16
4.52389e-01 	 -5.00000e-01 	 1.00000e+00	2.220446e-16 	 2.2204460492503131e-16
4.64956e-01 	 -5.00000e-01 	 1.00000e+00	2.220446e-16 	 1.1102230246251565e-16
4.77522e-01 	 -5.00000e-01 	 1.00000e+00	1.110223e-16 	 0.0000000000000000e+00
4.90088e-01 	 -5.00000e-01 	 1.00000e+00	0.000000e+00 	 0.0000000000000000e+00
5.02655e-01 	 -5.00000e-01 	 1.00000e+00	5.551115e-17 	 0.0000000000000000e+00
5.15221e-01 	 -5.00000e-01 	 1.00000e+00	1.110223e-16 	 0.0000000000000000e+00
5.27788e-01 	 -5.00000e-01 	 1.00000e+00	0.000000e+00 	 0.0000000000000000e+00
5.40354e-01 	 -5.00000e-01 	 1.00000e+00	0.000000e+00 	 0.0000000000000000e+00
5.52920e-01 	 -5.00000e-01 	 1.00000e+00	0.000000e+00 	 0.0000000000000000e+00
5.65487e-01 	 -5.00000e-01 	 1.00000e+00	1.110223e-16 	 2.2204460492503131e-16
5.78053e-01 	 -5.00000e-01 	 1.00000e+00	1.110223e-16 	 2.2204460492503131e-16
5.90619e-01 	 -5.00000e-01 	 1.00000e+00	1.110223e-16 	 2.2204460492503131e-16
6.03186e-01 	 -5.00000e-01 	 1.00000e+00	1.665335e-16 	 2.2204460492503131e-16
6.15752e-01 	 -5.00000e-01 	 1.00000e+00	1.110223e-16 	 0.0000000000000000e+00
6.28319e-01 	 -5.00000e-01 	 1.00000e+00	0.000000e+00 	 2.2204460492503131e-16
6.40885e-01 	 -5.00000e-01 	 1.00000e+00	1.110223e-16 	 0.0000000000000000e+00
6.53451e-01 	 -5.00000e-01 	 1.00000e+00	0.000000e+00 	 0.0000000000000000e+00
6.66018e-01 	 -5.00000e-01 	 1.00000e+00	0.000000e+00 	 0.0000000000000000e+00
6.78584e-01 	 -5.00000e-01 	 1.00000e+00	0.000000e+00 	 0.0000000000000000e+00
6.91150e-01 	 -5.00000e-01 	 1.00000e+00	1.110223e-16 	 0.0000000000000000e+00
7.03717e-01 	 -5.00000e-01 	 1.00000e+00	0.000000e+00 	 0.0000000000000000e+00
7.16283e-01 	 -5.00000e-01 	 1.00000e+00	0.000000e+00 	 0.0000000000000000e+00
7.28849e-01 	 -5.00000e-01 	 1.00000e+00	1.110223e-16 	 0.0000000000000000e+00
7.41416e-01 	 -5.00000e-01 	 1.00000e+00	1.110223e-16 	 0.0000000000000000e+00
7.53982e-01 	 -5.00000e-01 	 1.00000e+00	2.220446e-16 	 0.0000000000000000e+00
7.66549e-01 	 -5.00000e-01 	 1.00000e+00	2.220446e-16 	 0.0000000000000000e+00
7.79115e-01 	 -5.00000e-01 	 1.00000e+00	1.110223e-16 	 0.0000000000000000e+00
7.91681e-01 	 -5.00000e-01 	 1.00000e+00	1.110223e-16 	 0.0000000000000000e+00
8.04248e-01 	 -5.00000e-01 	 1.00000e+00	0.000000e+00 	 0.0000000000000000e+00
8.16814e-01 	 -5.00000e-01 	 1.00000e+00	2.220446e-16 	 2.2204460492503131e-16
8.29380e-01 	 -5.00000e-01 	 1.00000e+00	3.330669e-16 	 4.4408920985006262e-16
8.41947e-01 	 -5.00000e-01 	 1.00000e+00	1.110223e-16 	 2.2204460492503131e-16
8.54513e-01 	 -5.00000e-01 	 1.00000e+00	3.330669e-16 	 4.4408920985006262e-16
8.67080e-01 	 -5.00000e-01 	 1.00000e+00	2.775558e-16 	 4.4408920985006262e-16
8.79646e-01 	 -5.00000e-01 	 1.00000e+00	2.775558e-16 	 4.4408920985006262e-16
8.92212e-01 	 -5.00000e-01 	 1.00000e+00	1.110223e-16 	 2.2204460492503131e-16
9.04779e-01 	 -5.00000e-01 	 1.00000e+00	4.440892e-16 	 4.4408920985006262e-16
9.17345e-01 	 -5.00000e-01 	 1.00000e+00	4.996004e-16 	 4.4408920985006262e-16
9.29911e-01 	 -5.00000e-01 	 1.00000e+00	4.440892e-16 	 4.4408920985006262e-16
9.42478e-01 	 -5.00000e-01 	 1.00000e+00	5.551115e-16 	 4.4408920985006262e-16
9.55044e-01 	 -5.00000e-01 	 1.00000e+00	4.996004e-16 	 4.4408920985006262e-16
9.67611e-01 	 -5.00000e-01 	 1.00000e+00	5.551115e-16 	 4.4408920985006262e-16
9.80177e-01 	 -5.00000e-01 	 1.00000e+00	4.440892e-16 	 4.4408920985006262e-16
9.92743e-01 	 -5.00000e-01 	 1.00000e+00	4.440892e-16 	 4.4408920985006262e-16
1.00531e+00 	 -5.00000e-01 	 1.00000e+00	4.440892e-16 	 4.4408920985006262e-16
1.01788e+00 	 -5.00000e-01 	 1.00000e+00	5.551115e-16 	 4.4408920985006262e-16
1.03044e+00 	 -5.00000e-01 	 1.00000e+00	5.551115e-16 	 6.6613381477509392e-16
1.04301e+00 	 -5.00000e-01 	 1.00000e+00	7.771561e-16 	 6.6613381477509392e-16
1.05558e+00 	 -5.00000e-01 	 1.00000e+00	4.996004e-16 	 6.6613381477509392e-16
1.06814e+00 	 -5.00000e-01 	 1.00000e+00	6.106227e-16 	 6.6613381477509392e-16
1.08071e+00 	 -5.00000e-01 	 1.00000e+00	6.661338e-16 	 6.6613381477509392e-16
1.09327e+00 	 -5.00000e-01 	 1.00000e+00	6.106227e-16 	 6.6613381477509392e-16
1.10584e+00 	 -5.00000e-01 	 1.00000e+00	5.551115e-16 	 6.6613381477509392e-16
1.11841e+00 	 -5.00000e-01 	 1.00000e+00	6.661338e-16 	 6.6613381477509392e-16
1.13097e+00 	 -5.00000e-01 	 1.00000e+00	3.330669e-16 	 4.4408920985006262e-16
1.14354e+00 	 -5.00000e-01 	 1.00000e+00	6.106227e-16 	 6.6613381477509392e-16
1.15611e+00 	 -5.00000e-01 	 1.00000e+00	3.330669e-16 	 4.4408920985006262e-16
1.16867e+00 	 -5.00000e-01 	 1.00000e+00	3.330669e-16 	 4.4408920985006262e-16
1.18124e+00 	 -5.00000e-01 	 1.00000e+00	3.330669e-16 	 4.4408920985006262e-16
1.19381e+00 	 -5.00000e-01 	 1.00000e+00	4.440892e-16 	 4.4408920985006262e-16
1.20637e+00 	 -5.00000e-01 	 1.00000e+00	2.775558e-16 	 2.2204460492503131e-16
1.21894e+00 	 -5.00000e-01 	 1.00000e+00	3.330669e-16 	 4.4408920985006262e-16
1.23150e+00 	 -5.00000e-01 	 1.00000e+00	2.220446e-16 	 2.2204460492503131e-16
1.24407e+00 	 -5.00000e-01 	 1.00000e+00	3.330669e-16 	 4.4408920985006262e-16
1.25664e+00 	 -5.00000e-01 	 1.00000e+00	4.440892e-16 	 4.4408920985006262e-16
1.26920e+00 	 -5.00000e-01 	 1.00000e+00	4.996004e-16 	 4.4408920985006262e-16
1.28177e+00 	 -5.00000e-01 	 1.00000e+00	6.106227e-16 	 4.4408920985006262e-16
1.29434e+00 	 -5.00000e-01 	 1.00000e+00	4.996004e-16 	 6.6613381477509392e-16
1.30690e+00 	 -5.00000e-01 	 1.00000e+00	4.440892e-16 	 6.6613381477509392e-16
1.31947e+00 	 -5.00000e-01 	 1.00000e+00	4.996004e-16 	 4.4408920985006262e-16
1.33204e+00 	 -5.00000e-01 	 1.00000e+00	2.775558e-16 	 4.4408920985006262e-16
1.34460e+00 	 -5.00000e-01 	 1.00000e+00	2.775558e-16 	 4.4408920985006262e-16
1.35717e+00 	 -5.00000e-01 	 1.00000e+00	3.330669e-16 	 4.4408920985006262e-16
1.36973e+00 	 -5.00000e-01 	 1.00000e+00	1.665335e-16 	 2.2204460492503131e-16
1.38230e+00 	 -5.00000e-01 	 1.00000e+00	2.220446e-16 	 2.2204460492503131e-16
1.39487e+00 	 -5.00000e-01 	 1.00000e+00	2.220446e-16 	 2.2204460492503131e-16
1.40743e+00 	 -5.00000e-01 	 1.00000e+00	1.110223e-16 	 2.2204460492503131e-16
1.42000e+00 	 -5.00000e-01 	 1.00000e+00	2.220446e-16 	 4.4408920985006262e-16
1.43257e+00 	 -5.00000e-01 	 1.00000e+00	3.330669e-16 	 2.2204460492503131e-16
1.44513e+00 	 -5.00000e-01 	 1.00000e+00	2.775558e-16 	 4.4408920985006262e-16
1.45770e+00 	 -5.00000e-01 	 1.00000e+00	3.885781e-16 	 2.2204460492503131e-16
1.47027e+00 	 -5.00000e-01 	 1.00000e+00	2.220446e-16 	 4.4408920985006262e-16
1.48283e+00 	 -5.00000e-01 	 1.00000e+00	3.330669e-16 	 4.4408920985006262e-16
1.49540e+00 	 -5.00000e-01 	 1.00000e+00	3.330669e-16 	 4.4408920985006262e-16
1.50796e+00 	 -5.00000e-01 	 1.00000e+00	4.996004e-16 	 4.4408920985006262e-16
1.52053e+00 	 -5.00000e-01 	 1.00000e+00	7.216450e-16 	 6.6613381477509392e-16
1.53310e+00 	 -5.00000e-01 	 1.00000e+00	7.216450e-16 	 6.6613381477509392e-16
1.54566e+00 	 -5.00000e-01 	 1.00000e+00	5.551115e-16 	 6.6613381477509392e-16
1.55823e+00 	 -5.00000e-01 	 1.00000e+00	6.106227e-16 	 6.6613381477509392e-16
1.57080e+00 	 -5.00000e-01 	 1.00000e+00	6.661338e-16 	 6.6613381477509392e-16
1.58336e+00 	 -5.00000e-01 	 1.00000e+00	4.996004e-16 	 6.6613381477509392e-16
1.59593e+00 	 -5.00000e-01 	 1.00000e+00	7.216450e-16 	 6.6613381477509392e-16
1.60850e+00 	 -5.00000e-01 	 1.00000e+00	7.216450e-16 	 8.8817841970012523e-16
1.62106e+00 	 -5.00000e-01 	 1.00000e+00	8.326673e-16 	 8.8817841970012523e-16
1.63363e+00 	 -5.00000e-01 	 1.00000e+00	8.881784e-16 	 1.1102230246251565e-15
1.64619e+00 	 -5.00000e-01 	 1.00000e+00	1.054712e-15 	 1.1102230246251565e-15
1.65876e+00 	 -5.00000e-01 	 1.00000e+00	1.165734e-15 	 1.1102230246251565e-15
1.67133e+00 	 -5.00000e-01 	 1.00000e+00	1.332268e-15 	 1.3322676295501878e-15
1.68389e+00 	 -5.00000e-01 	 1.00000e+00	1.387779e-15 	 1.3322676295501878e-15
1.69646e+00 	 -5.00000e-01 	 1.00000e+00	1.221245e-15 	 1.3322676295501878e-15
1.70903e+00 	 -5.00000e-01 	 1.00000e+00	1.165734e-15 	 1.3322676295501878e-15
1.72159e+00 	 -5.00000e-01 	 1.00000e+00	1.165734e-15 	 1.3322676295501878e-15
1.73416e+00 	 -5.00000e-01 	 1.00000e+00	1.165734e-15 	 1.1102230246251565e-15
1.74673e+00 	 -5.00000e-01 	 1.00000e+00	1.054712e-15 	 1.1102230246251565e-15
1.75929e+00 	 -5.00000e-01 	 1.00000e+00	1.110223e-15 	 1.1102230246251565e-15
1.77186e+00 	 -5.00000e-01 	 1.00000e+00	1.054712e-15 	 1.1102230246251565e-15
1.78442e+00 	 -5.00000e-01 	 1.00000e+00	9.992007e-16 	 1.1102230246251565e-15
1.79699e+00 	 -5.00000e-01 	 1.00000e+00	9.992007e-16 	 1.1102230246251565e-15
1.80956e+00 	 -5.00000e-01 	 1.00000e+00	8.881784e-16 	 1.1102230246251565e-15
1.82212e+00 	 -5.00000e-01 	 1.00000e+00	8.326673e-16 	 8.8817841970012523e-16
1.83469e+00 	 -5.00000e-01 	 1.00000e+00	8.326673e-16 	 8.8817841970012523e-16
1.84726e+00 	 -5.00000e-01 	 1.00000e+00	9.992007e-16 	 1.1102230246251565e-15
1.85982e+00 	 -5.00000e-01 	 1.00000e+00	1.054712e-15 	 1.1102230246251565e-15
1.87239e+00 	 -5.00000e-01 	 1.00000e+00	1.221245e-15 	 1.3322676295501878e-15
1.88496e+00 	 -5.00000e-01 	 1.00000e+00	1.332268e-15 	 1.1102230246251565e-15
1.89752e+00 	 -5.00000e-01 	 1.00000e+00	1.165734e-15 	 1.1102230246251565e-15
1.91009e+00 	 -5.00000e-01 	 1.00000e+00	9.436896e-16 	 1.1102230246251565e-15
1.92265e+00 	 -5.00000e-01 	 1.00000e+00	8.881784e-16 	 1.1102230246251565e-15
1.93522e+00 	 -5.00000e-01 	 1.00000e+00	9.992007e-16 	 8.8817841970012523e-16
1.94779e+00 	 -5.00000e-01 	 1.00000e+00	9.992007e-16 	 8.8817841970012523e-16
1.96035e+00 	 -5.00000e-01 	 1.00000e+00	1.221245e-15 	 1.3322676295501878e-15
1.97292e+00 	 -5.00000e-01 	 1.00000e+00	1.387779e-15 	 1.3322676295501878e-15
1.98549e+00 	 -5.00000e-01 	 1.00000e+00	1.221245e-15 	 1.1102230246251565e-15
1.99805e+00 	 -5.00000e-01 	 1.00000e+00	1.165734e-15 	 1.1102230246251565e-15
2.01062e+00 	 -5.00000e-01 	 1.00000e+00	1.110223e-15 	 1.1102230246251565e-15
2.02319e+00 	 -5.00000e-01 	 1.00000e+00	8.881784e-16 	 8.8817841970012523e-16
2.03575e+00 	 -5.00000e-01 	 1.00000e+00	8.326673e-16 	 8.8817841970012523e-16
2.04832e+00 	 -5.00000e-01 	 1.00000e+00	8.881784e-16 	 8.8817841970012523e-16
2.06088e+00 	 -5.00000e-01 	 1.00000e+00	6.661338e-16 	 8.8817841970012523e-16
2.07345e+00 	 -5.00000e-01 	 1.00000e+00	8.881784e-16 	 8.8817841970012523e-16
2.08602e+00 	 -5.00000e-01 	 1.00000e+00	8.326673e-16 	 8.8817841970012523e-16
2.09858e+00 	 -5.00000e-01 	 1.00000e+00	8.326673e-16 	 8.8817841970012523e-16
2.11115e+00 	 -5.00000e-01 	 1.00000e+00	7.771561e-16 	 8.8817841970012523e-16
2.12372e+00 	 -5.00000e-01 	 1.00000e+00	9.992007e-16 	 8.8817841970012523e-16
2.13628e+00 	 -5.00000e-01 	 1.00000e+00	8.326673e-16 	 8.8817841970012523e-16
2.14885e+00 	 -5.00000e-01 	 1.00000e+00	6.661338e-16 	 8.8817841970012523e-16
2.16142e+00 	 -5.00000e-01 	 1.00000e+00	6.661338e-16 	 8.8817841970012523e-16
2.17398e+00 	 -5.00000e-01 	 1.00000e+00	8.881784e-16 	 8.8817841970012523e-16
2.18655e+00 	 -5.00000e-01 	 1.00000e+00	8.881784e-16 	 8.8817841970012523e-16
2.19911e+00 	 -5.00000e-01 	 1.00000e+00	8.881784e-16 	 8.8817841970012523e-16
2.21168e+00 	 -5.00000e-01 	 1.00000e+00	8.881784e-16 	 8.8817841970012523e-16
2.22425e+00 	 -5.00000e-01 	 1.00000e+00	1.110223e-15 	 1.1102230246251565e-15
2.23681e+00 	 -5.00000e-01 	 1.00000e+00	1.221245e-15 	 1.3322676295501878e-15
2.24938e+00 	 -5.00000e-01 	 1.00000e+00	1.332268e-15 	 1.3322676295501878e-15
2.26195e+00 	 -5.00000e-01 	 1.00000e+00	1.110223e-15 	 1.3322676295501878e-15
2.27451e+00 	 -5.00000e-01 	 1.00000e+00	1.332268e-15 	 1.3322676295501878e-15
2.28708e+00 	 -5.00000e-01 	 1.00000e+00	1.332268e-15 	 1.3322676295501878e-15
2.29965e+00 	 -5.00000e-01 	 1.00000e+00	1.443290e-15 	 1.5543122344752192e-15
2.31221e+00 	 -5.00000e-01 	 1.00000e+00	1.443290e-15 	 1.5543122344752192e-15
2.32478e+00 	 -5.00000e-01 	 1.00000e+00	1.498801e-15 	 1.5543122344752192e-15
2.33734e+00 	 -5.00000e-01 	 1.00000e+00	1.554312e-15 	 1.5543122344752192e-15
2.34991e+00 	 -5.00000e-01 	 1.00000e+00	1.554312e-15 	 1.5543122344752192e-15
2.36248e+00 	 -5.00000e-01 	 1.00000e+00	1.665335e-15 	 1.7763568394002505e-15
2.37504e+00 	 -5.00000e-01 	 1.00000e+00	1.776357e-15 	 1.7763568394002505e-15
2.38761e+00 	 -5.00000e-01 	 1.00000e+00	1.776357e-15 	 1.7763568394002505e-15
2.40018e+00 	 -5.00000e-01 	 1.00000e+00	1.776357e-15 	 1.7763568394002505e-15
2.41274e+00 	 -5.00000e-01 	 1.00000e+00	1.998401e-15 	 1.9984014443252818e-15
2.42531e+00 	 -5.00000e-01 	 1.00000e+00	1.887379e-15 	 1.9984014443252818e-15
2.43788e+00 	 -5.00000e-01 	 1.00000e+00	1.776357e-15 	 1.7763568394002505e-15
2.45044e+00 	 -5.00000e-01 	 1.00000e+00	1.665335e-15 	 1.7763568394002505e-15
2.46301e+00 	 -5.00000e-01 	 1.00000e+00	1.554312e-15 	 1.7763568394002505e-15
2.47558e+00 	 -5.00000e-01 	 1.00000e+00	1.776357e-15 	 1.7763568394002505e-15
2.48814e+00 	 -5.00000e-01 	 1.00000e+00	1.609823e-15 	 1.7763568394002505e-15
2.50071e+00 	 -5.00000e-01 	 1.00000e+00	1.665335e-15 	 1.7763568394002505e-15
2.51327e+00 	 -5.00000e-01 	 1.00000e+00	1.665335e-15 	 1.7763568394002505e-15
2.52584e+00 	 -5.00000e-01 	 1.00000e+00	1.554312e-15 	 1.5543122344752192e-15
2.53841e+00 	 -5.00000e-01 	 1.00000e+00	1.554312e-15 	 1.5543122344752192e-15
2.55097e+00 	 -5.00000e-01 	 1.00000e+00	1.554312e-15 	 1.5543122344752192e-15
2.56354e+00 	 -5.00000e-01 	 1.00000e+00	1.554312e-15 	 1.5543122344752192e-15
2.57611e+00 	 -5.00000e-01 	 1.00000e+00	1.665335e-15 	 1.7763568394002505e-15
2.58867e+00 	 -5.00000e-01 	 1.00000e+00	1.665335e-15 	 1.7763568394002505e-15
2.60124e+00 	 -5.00000e-01 	 1.00000e+00	1.887379e-15 	 1.7763568394002505e-15
2.61381e+00 	 -5.00000e-01 	 1.00000e+00	1.776357e-15 	 1.7763568394002505e-15
2.62637e+00 	 -5.00000e-01 	 1.00000e+00	1.887379e-15 	 1.7763568394002505e-15
2.63894e+00 	 -5.00000e-01 	 1.00000e+00	1.776357e-15 	 1.7763568394002505e-15
2.65150e+00 	 -5.00000e-01 	 1.00000e+00	1.665335e-15 	 1.7763568394002505e-15
2.66407e+00 	 -5.00000e-01 	 1.00000e+00	1.887379e-15 	 1.7763568394002505e-15
2.67664e+00 	 -5.00000e-01 	 1.00000e+00	1.720846e-15 	 1.7763568394002505e-15
2.68920e+00 	 -5.00000e-01 	 1.00000e+00	1.609823e-15 	 1.7763568394002505e-15
2.70177e+00 	 -5.00000e-01 	 1.00000e+00	1.498801e-15 	 1.7763568394002505e-15
2.71434e+00 	 -5.00000e-01 	 1.00000e+00	1.665335e-15 	 1.7763568394002505e-15
2.72690e+00 	 -5.00000e-01 	 1.00000e+00	1.887379e-15 	 1.7763568394002505e-15
2.73947e+00 	 -5.00000e-01 	 1.00000e+00	1.887379e-15 	 1.7763568394002505e-15
2.75204e+00 	 -5.00000e-01 	 1.00000e+00	1.720846e-15 	 1.7763568394002505e-15
2.76460e+00 	 -5.00000e-01 	 1.00000e+00	1.998401e-15 	 1.7763568394002505e-15
2.77717e+00 	 -5.00000e-01 	 1.00000e+00	1.776357e-15 	 1.9984014443252818e-15
2.78973e+00 	 -5.00000e-01 	 1.00000e+00	1.776357e-15 	 1.9984014443252818e-15
2.80230e+00 	 -5.00000e-01 	 1.00000e+00	1.720846e-15 	 1.7763568394002505e-15
2.81487e+00 	 -5.00000e-01 	 1.00000e+00	2.053913e-15 	 1.9984014443252818e-15
2.82743e+00 	 -5.00000e-01 	 1.00000e+00	1.998401e-15 	 1.9984014443252818e-15
2.84000e+00 	 -5.00000e-01 	 1.00000e+00	2.053913e-15 	 2.2204460492503131e-15
2.85257e+00 	 -5.00000e-01 	 1.00000e+00	2.109424e-15 	 1.9984014443252818e-15
2.86513e+00 	 -5.00000e-01 	 1.00000e+00	2.164935e-15 	 1.9984014443252818e-15
2.87770e+00 	 -5.00000e-01 	 1.00000e+00	1.998401e-15 	 1.9984014443252818e-15
2.89027e+00 	 -5.00000e-01 	 1.00000e+00	2.109424e-15 	 1.9984014443252818e-15
2.90283e+00 	 -5.00000e-01 	 1.00000e+00	2.053913e-15 	 1.9984014443252818e-15
2.91540e+00 	 -5.00000e-01 	 1.00000e+00	1.887379e-15 	 1.9984014443252818e-15
2.92796e+00 	 -5.00000e-01 	 1.00000e+00	2.053913e-15 	 1.9984014443252818e-15
2.94053e+00 	 -5.00000e-01 	 1.00000e+00	2.053913e-15 	 1.9984014443252818e-15
2.95310e+00 	 -5.00000e-01 	 1.00000e+00	2.109424e-15 	 1.9984014443252818e-15
2.96566e+00 	 -5.00000e-01 	 1.00000e+00	2.109424e-15 	 1.9984014443252818e-15
2.97823e+00 	 -5.00000e-01 	 1.00000e+00	2.109424e-15 	 1.9984014443252818e-15
2.99080e+00 	 -5.00000e-01 	 1.00000e+00	2.109424e-15 	 1.9984014443252818e-15
3.00336e+00 	 -5.00000e-01 	 1.00000e+00	2.220446e-15 	 2.2204460492503131e-15
3.01593e+00 	 -5.00000e-01 	 1.00000e+00	2.220446e-15 	 2.2204460492503131e-15
3.02850e+00 	 -5.00000e-01 	 1.00000e+00	2.220446e-15 	 2.2204460492503131e-15
3.04106e+00 	 -5.00000e-01 	 1.00000e+00	2.164935e-15 	 2.2204460492503131e-15
3.05363e+00 	 -5.00000e-01 	 1.00000e+00	2.164935e-15 	 2.2204460492503131e-15
3.06619e+00 	 -5.00000e-01 	 1.00000e+00	2.109424e-15 	 2.2204460492503131e-15
3.07876e+00 	 -5.00000e-01 	 1.00000e+00	2.220446e-15 	 2.2204460492503131e-15
3.09133e+00 	 -5.00000e-01 	 1.00000e+00	2.275957e-15 	 2.2204460492503131e-15
3.10389e+00 	 -5.00000e-01 	 1.00000e+00	2.275957e-15 	 2.4424906541753444e-15
3.11646e+00 	 -5.00000e-01 	 1.00000e+00	2.164935e-15 	 2.2204460492503131e-15
3.12903e+00 	 -5.00000e-01 	 1.00000e+00	2.053913e-15 	 2.2204460492503131e-15
3.14159e+00 	 -5.00000e-01 	 1.00000e+00	1.887379e-15 	 1.9984014443252818e-15
3.15416e+00 	 -5.00000e-01 	 1.00000e+00	1.998401e-15 	 1.9984014443252818e-15
3.16673e+00 	 -5.00000e-01 	 1.00000e+00	1.942890e-15 	 1.9984014443252818e-15
3.17929e+00 	 -5.00000e-01 	 1.00000e+00	1.831868e-15 	 1.7763568394002505e-15
3.19186e+00 	 -5.00000e-01 	 1.00000e+00	1.665335e-15 	 1.7763568394002505e-15
3.20442e+00 	 -5.00000e-01 	 1.00000e+00	1.665335e-15 	 1.5543122344752192e-15
3.21699e+00 	 -5.00000e-01 	 1.00000e+00	1.665335e-15 	 1.7763568394002505e-15
3.22956e+00 	 -5.00000e-01 	 1.00000e+00	1.720846e-15 	 1.7763568394002505e-15
3.24212e+00 	 -5.00000e-01 	 1.00000e+00	1.720846e-15 	 1.5543122344752192e-15
3.25469e+00 	 -5.00000e-01 	 1.00000e+00	1.609823e-15 	 1.5543122344752192e-15
3.26726e+00 	 -5.00000e-01 	 1.00000e+00	1.609823e-15 	 1.5543122344752192e-15
3.27982e+00 	 -5.00000e-01 	 1.00000e+00	1.498801e-15 	 1.5543122344752192e-15
3.29239e+00 	 -5.00000e-01 	 1.00000e+00	1.332268e-15 	 1.3322676295501878e-15
3.30496e+00 	 -5.00000e-01 	 1.00000e+00	1.387779e-15 	 1.5543122344752192e-15
3.31752e+00 	 -5.00000e-01 	 1.00000e+00	1.665335e-15 	 1.5543122344752192e-15
3.33009e+00 	 -5.00000e-01 	 1.00000e+00	1.665335e-15 	 1.7763568394002505e-15
3.34265e+00 	 -5.00000e-01 	 1.00000e+00	1.665335e-15 	 1.7763568394002505e-15
3.35522e+00 	 -5.00000e-01 	 1.00000e+00	1.720846e-15 	 1.7763568394002505e-15
3.36779e+00 	 -5.00000e-01 	 1.00000e+00	1.720846e-15 	 1.7763568394002505e-15
3.38035e+00 	 -5.00000e-01 	 1.00000e+00	1.609823e-15 	 1.7763568394002505e-15
3.39292e+00 	 -5.00000e-01 	 1.00000e+00	1.720846e-15 	 1.7763568394002505e-15
3.40549e+00 	 -5.00000e-01 	 1.00000e+00	1.776357e-15 	 1.7763568394002505e-15
3.41805e+00 	 -5.00000e-01 	 1.00000e+00	1.831868e-15 	 1.9984014443252818e-15
3.43062e+00 	 -5.00000e-01 	 1.00000e+00	1.831868e-15 	 1.7763568394002505e-15
3.44319e+00 	 -5.00000e-01 	 1.00000e+00	1.776357e-15 	 1.7763568394002505e-15
3.45575e+00 	 -5.00000e-01 	 1.00000e+00	1.831868e-15 	 1.7763568394002505e-15
3.46832e+00 	 -5.00000e-01 	 1.00000e+00	1.776357e-15 	 1.7763568394002505e-15
3.48088e+00 	 -5.00000e-01 	 1.00000e+00	1.887379e-15 	 1.7763568394002505e-15
3.49345e+00 	 -5.00000e-01 	 1.00000e+00	1.942890e-15 	 1.9984014443252818e-15
3.50602e+00 	 -5.00000e-01 	 1.00000e+00	2.109424e-15 	 2.2204460492503131e-15
3.51858e+00 	 -5.00000e-01 	 1.00000e+00	2.109424e-15 	 2.2204460492503131e-15
3.53115e+00 	 -5.00000e-01 	 1.00000e+00	2.275957e-15 	 2.2204460492503131e-15
3.54372e+00 	 -5.00000e-01 	 1.00000e+00	2.164935e-15 	 2.2204460492503131e-15
3.55628e+00 	 -5.00000e-01 	 1.00000e+00	2.164935e-15 	 2.2204460492503131e-15
3.56885e+00 	 -5.00000e-01 	 1.00000e+00	2.331468e-15 	 2.4424906541753444e-15
3.58142e+00 	 -5.00000e-01 	 1.00000e+00	2.442491e-15 	 2.4424906541753444e-15
3.59398e+00 	 -5.00000e-01 	 1.00000e+00	2.609024e-15 	 2.4424906541753444e-15
3.60655e+00 	 -5.00000e-01 	 1.00000e+00	2.442491e-15 	 2.4424906541753444e-15
3.61911e+00 	 -5.00000e-01 	 1.00000e+00	2.331468e-15 	 2.4424906541753444e-15
3.63168e+00 	 -5.00000e-01 	 1.00000e+00	2.331468e-15 	 2.4424906541753444e-15
3.64425e+00 	 -5.00000e-01 	 1.00000e+00	2.331468e-15 	 2.4424906541753444e-15
3.65681e+00 	 -5.00000e-01 	 1.00000e+00	2.386980e-15 	 2.4424906541753444e-15
3.66938e+00 	 -5.00000e-01 	 1.00000e+00	2.386980e-15 	 2.2204460492503131e-15
3.68195e+00 	 -5.00000e-01 	 1.00000e+00	2.331468e-15 	 2.4424906541753444e-15
3.69451e+00 	 -5.00000e-01 	 1.00000e+00	2.220446e-15 	 2.2204460492503131e-15
3.70708e+00 	 -5.00000e-01 	 1.00000e+00	2.275957e-15 	 2.2204460492503131e-15
3.71965e+00 	 -5.00000e-01 	 1.00000e+00	2.164935e-15 	 2.2204460492503131e-15
3.73221e+00 	 -5.00000e-01 	 1.00000e+00	1.998401e-15 	 2.2204460492503131e-15
3.74478e+00 	 -5.00000e-01 	 1.00000e+00	2.220446e-15 	 2.2204460492503131e-15
3.75734e+00 	 -5.00000e-01 	 1.00000e+00	2.220446e-15 	 2.2204460492503131e-15
3.76991e+00 	 -5.00000e-01 	 1.00000e+00	2.331468e-15 	 2.2204460492503131e-15
3.78248e+00 	 -5.00000e-01 	 1.00000e+00	2.164935e-15 	 2.2204460492503131e-15
3.79504e+00 	 -5.00000e-01 	 1.00000e+00	2.109424e-15 	 1.9984014443252818e-15
3.80761e+00 	 -5.00000e-01 	 1.00000e+00	1.887379e-15 	 1.7763568394002505e-15
3.82018e+00 	 -5.00000e-01 	 1.00000e+00	1.776357e-15 	 1.7763568394002505e-15
3.83274e+00 	 -5.00000e-01 	 1.00000e+00	1.942890e-15 	 1.9984014443252818e-15
3.84531e+00 	 -5.00000e-01 	 1.00000e+00	1.998401e-15 	 2.2204460492503131e-15
3.85788e+00 	 -5.00000e-01 	 1.00000e+00	2.053913e-15 	 2.2204460492503131e-15
3.87044e+00 	 -5.00000e-01 	 1.00000e+00	2.220446e-15 	 2.2204460492503131e-15
3.88301e+00 	 -5.00000e-01 	 1.00000e+00	2.220446e-15 	 2.2204460492503131e-15
3.89557e+00 	 -5.00000e-01 	 1.00000e+00	2.275957e-15 	 2.2204460492503131e-15
3.90814e+00 	 -5.00000e-01 	 1.00000e+00	2.220446e-15 	 2.2204460492503131e-15
3.92071e+00 	 -5.00000e-01 	 1.00000e+00	2.220446e-15 	 2.2204460492503131e-15
3.93327e+00 	 -5.00000e-01 	 1.00000e+00	2.109424e-15 	 2.2204460492503131e-15
3.94584e+00 	 -5.00000e-01 	 1.00000e+00	1.998401e-15 	 2.2204460492503131e-15
3.95841e+00 	 -5.00000e-01 	 1.00000e+00	1.998401e-15 	 1.7763568394002505e-15
3.97097e+00 	 -5.00000e-01 	 1.00000e+00	2.053913e-15 	 1.9984014443252818e-15
3.98354e+00 	 -5.00000e-01 	 1.00000e+00	1.998401e-15 	 1.9984014443252818e-15
3.99611e+00 	 -5.00000e-01 	 1.00000e+00	1.942890e-15 	 1.9984014443252818e-15
4.00867e+00 	 -5.00000e-01 	 1.00000e+00	1.887379e-15 	 1.7763568394002505e-15
4.02124e+00 	 -5.00000e-01 	 1.00000e+00	1.887379e-15 	 1.7763568394002505e-15
4.03380e+00 	 -5.00000e-01 	 1.00000e+00	1.665335e-15 	 1.7763568394002505e-15
4.04637e+00 	 -5.00000e-01 	 1.00000e+00	1.443290e-15 	 1.3322676295501878e-15
4.05894e+00 	 -5.00000e-01 	 1.00000e+00	1.498801e-15 	 1.3322676295501878e-15
4.07150e+00 	 -5.00000e-01 	 1.00000e+00	1.443290e-15 	 1.5543122344752192e-15
4.08407e+00 	 -5.00000e-01 	 1.00000e+00	1.387779e-15 	 1.5543122344752192e-15
4.09664e+00 	 -5.00000e-01 	 1.00000e+00	1.443290e-15 	 1.5543122344752192e-15
4.10920e+00 	 -5.00000e-01 	 1.00000e+00	1.443290e-15 	 1.5543122344752192e-15
4.12177e+00 	 -5.00000e-01 	 1.00000e+00	1.665335e-15 	 1.5543122344752192e-15
4.13434e+00 	 -5.00000e-01 	 1.00000e+00	1.665335e-15 	 1.7763568394002505e-15
4.14690e+00 	 -5.00000e-01 	 1.00000e+00	1.831868e-15 	 1.7763568394002505e-15
4.15947e+00 	 -5.00000e-01 	 1.00000e+00	1.998401e-15 	 1.9984014443252818e-15
4.17204e+00 	 -5.00000e-01 	 1.00000e+00	1.887379e-15 	 1.7763568394002505e-15
4.18460e+00 	 -5.00000e-01 	 1.00000e+00	1.998401e-15 	 1.7763568394002505e-15
4.19717e+00 	 -5.00000e-01 	 1.00000e+00	1.776357e-15 	 1.7763568394002505e-15
4.20973e+00 	 -5.00000e-01 	 1.00000e+00	1.887379e-15 	 1.9984014443252818e-15
4.22230e+00 	 -5.00000e-01 	 1.00000e+00	1.831868e-15 	 1.9984014443252818e-15
4.23487e+00 	 -5.00000e-01 	 1.00000e+00	1.887379e-15 	 1.7763568394002505e-15
4.24743e+00 	 -5.00000e-01 	 1.00000e+00	1.665335e-15 	 1.7763568394002505e-15
4.26000e+00 	 -5.00000e-01 	 1.00000e+00	1.554312e-15 	 1.5543122344752192e-15
4.27257e+00 	 -5.00000e-01 	 1.00000e+00	1.443290e-15 	 1.5543122344752192e-15
4.28513e+00 	 -5.00000e-01 	 1.00000e+00	1.498801e-15 	 1.5543122344752192e-15
4.29770e+00 	 -5.00000e-01 	 1.00000e+00	1.609823e-15 	 1.5543122344752192e-15
4.31027e+00 	 -5.00000e-01 	 1.00000e+00	1.665335e-15 	 1.7763568394002505e-15
4.32283e+00 	 -5.00000e-01 	 1.00000e+00	1.609823e-15 	 1.7763568394002505e-15
4.33540e+00 	 -5.00000e-01 	 1.00000e+00	1.554312e-15 	 1.5543122344752192e-15
4.34796e+00 	 -5.00000e-01 	 1.00000e+00	1.665335e-15 	 1.7763568394002505e-15
4.36053e+00 	 -5.00000e-01 	 1.00000e+00	1.665335e-15 	 1.7763568394002505e-15
4.37310e+00 	 -5.00000e-01 	 1.00000e+00	1.609823e-15 	 1.5543122344752192e-15
4.38566e+00 	 -5.00000e-01 	 1.00000e+00	1.498801e-15 	 1.5543122344752192e-15
4.39823e+00 	 -5.00000e-01 	 1.00000e+00	1.554312e-15 	 1.5543122344752192e-15
4.41080e+00 	 -5.00000e-01 	 1.00000e+00	1.332268e-15 	 1.3322676295501878e-15
4.42336e+00 	 -5.00000e-01 	 1.00000e+00	1.332268e-15 	 1.3322676295501878e-15
4.43593e+00 	 -5.00000e-01 	 1.00000e+00	1.221245e-15 	 1.3322676295501878e-15
4.44850e+00 	 -5.00000e-01 	 1.00000e+00	1.554312e-15 	 1.5543122344752192e-15
4.46106e+00 	 -5.00000e-01 	 1.00000e+00	1.332268e-15 	 1.3322676295501878e-15
4.47363e+00 	 -5.00000e-01 	 1.00000e+00	1.387779e-15 	 1.5543122344752192e-15
4.48619e+00 	 -5.00000e-01 	 1.00000e+00	1.387779e-15 	 1.3322676295501878e-15
4.49876e+00 	 -5.00000e-01 	 1.00000e+00	1.443290e-15 	 1.5543122344752192e-15
4.51133e+00 	 -5.00000e-01 	 1.00000e+00	1.609823e-15 	 1.5543122344752192e-15
4.52389e+00 	 -5.00000e-01 	 1.00000e+00	1.498801e-15 	 1.5543122344752192e-15
4.53646e+00 	 -5.00000e-01 	 1.00000e+00	1.387779e-15 	 1.5543122344752192e-15
4.54903e+00 	 -5.00000e-01 	 1.00000e+00	1.498801e-15 	 1.5543122344752192e-15
4.56159e+00 	 -5.00000e-01 	 1.00000e+00	1.498801e-15 	 1.5543122344752192e-15
4.57416e+00 	 -5.00000e-01 	 1.00000e+00	1.554312e-15 	 1.5543122344752192e-15
4.58673e+00 	 -5.00000e-01 	 1.00000e+00	1.221245e-15 	 1.3322676295501878e-15
4.59929e+00 	 -5.00000e-01 	 1.00000e+00	1.276756e-15 	 1.3322676295501878e-15
4.61186e+00 	 -5.00000e-01 	 1.00000e+00	1.165734e-15 	 1.1102230246251565e-15
4.62442e+00 	 -5.00000e-01 	 1.00000e+00	9.992007e-16 	 1.1102230246251565e-15
4.63699e+00 	 -5.00000e-01 	 1.00000e+00	1.054712e-15 	 1.3322676295501878e-15
4.64956e+00 	 -5.00000e-01 	 1.00000e+00	1.387779e-15 	 1.3322676295501878e-15
4.66212e+00 	 -5.00000e-01 	 1.00000e+00	1.332268e-15 	 1.3322676295501878e-15
4.67469e+00 	 -5.00000e-01 	 1.00000e+00	1.276756e-15 	 1.3322676295501878e-15
4.68726e+00 	 -5.00000e-01 	 1.00000e+00	1.276756e-15 	 1.3322676295501878e-15
4.69982e+00 	 -5.00000e-01 	 1.00000e+00	1.276756e-15 	 1.3322676295501878e-15
4.71239e+00 	 -5.00000e-01 	 1.00000e+00	1.498801e-15 	 1.5543122344752192e-15
4.72496e+00 	 -5.00000e-01 	 1.00000e+00	1.387779e-15 	 1.5543122344752192e-15
4.73752e+00 	 -5.00000e-01 	 1.00000e+00	1.332268e-15 	 1.3322676295501878e-15
4.75009e+00 	 -5.00000e-01 	 1.00000e+00	1.387779e-15 	 1.5543122344752192e-15
4.76265e+00 	 -5.00000e-01 	 1.00000e+00	1.332268e-15 	 1.3322676295501878e-15
4.77522e+00 	 -5.00000e-01 	 1.00000e+00	1.221245e-15 	 1.3322676295501878e-15
4.78779e+00 	 -5.00000e-01 	 1.00000e+00	1.332268e-15 	 1.3322676295501878e-15
4.80035e+00 	 -5.00000e-01 	 1.00000e+00	1.332268e-15 	 1.5543122344752192e-15
4.81292e+00 	 -5.00000e-01 	 1.00000e+00	1.554312e-15 	 1.5543122344752192e-15
4.82549e+00 	 -5.00000e-01 	 1.00000e+00	1.554312e-15 	 1.5543122344752192e-15
4.83805e+00 	 -5.00000e-01 	 1.00000e+00	1.443290e-15 	 1.5543122344752192e-15
4.85062e+00 	 -5.00000e-01 	 1.00000e+00	1.609823e-15 	 1.5543122344752192e-15
4.86319e+00 	 -5.00000e-01 	 1.00000e+00	1.554312e-15 	 1.5543122344752192e-15
4.87575e+00 	 -5.00000e-01 	 1.00000e+00	1.387779e-15 	 1.5543122344752192e-15
4.88832e+00 	 -5.00000e-01 	 1.00000e+00	1.665335e-15 	 1.7763568394002505e-15
4.90088e+00 	 -5.00000e-01 	 1.00000e+00	1.554312e-15 	 1.7763568394002505e-15
4.91345e+00 	 -5.00000e-01 	 1.00000e+00	1.498801e-15 	 1.5543122344752192e-15
4.92602e+00 	 -5.00000e-01 	 1.00000e+00	1.443290e-15 	 1.5543122344752192e-15
4.93858e+00 	 -5.00000e-01 	 1.00000e+00	1.665335e-15 	 1.7763568394002505e-15
4.95115e+00 	 -5.00000e-01 	 1.00000e+00	1.831868e-15 	 1.7763568394002505e-15
4.96372e+00 	 -5.00000e-01 	 1.00000e+00	1.720846e-15 	 1.7763568394002505e-15
4.97628e+00 	 -5.00000e-01 	 1.00000e+00	1.720846e-15 	 1.5543122344752192e-15
4.98885e+00 	 -5.00000e-01 	 1.00000e+00	1.609823e-15 	 1.5543122344752192e-15
5.00142e+00 	 -5.00000e-01 	 1.00000e+00	1.387779e-15 	 1.3322676295501878e-15
5.01398e+00 	 -5.00000e-01 	 1.00000e+00	1.387779e-15 	 1.5543122344752192e-15
5.02655e+00 	 -5.00000e-01 	 1.00000e+00	1.443290e-15 	 1.5543122344752192e-15
5.03911e+00 	 -5.00000e-01 	 1.00000e+00	1.443290e-15 	 1.5543122344752192e-15
5.05168e+00 	 -5.00000e-01 	 1.00000e+00	1.332268e-15 	 1.5543122344752192e-15
5.06425e+00 	 -5.00000e-01 	 1.00000e+00	1.498801e-15 	 1.5543122344752192e-15
5.07681e+00 	 -5.00000e-01 	 1.00000e+00	1.554312e-15 	 1.5543122344752192e-15
5.08938e+00 	 -5.00000e-01 	 1.00000e+00	1.554312e-15 	 1.5543122344752192e-15
5.10195e+00 	 -5.00000e-01 	 1.00000e+00	1.498801e-15 	 1.5543122344752192e-15
5.11451e+00 	 -5.00000e-01 	 1.00000e+00	1.554312e-15 	 1.5543122344752192e-15
5.12708e+00 	 -5.00000e-01 	 1.00000e+00	1.720846e-15 	 1.7763568394002505e-15
5.13965e+00 	 -5.00000e-01 	 1.00000e+00	1.554312e-15 	 1.5543122344752192e-15
5.15221e+00 	 -5.00000e-01 	 1.00000e+00	1.387779e-15 	 1.5543122344752192e-15
5.16478e+00 	 -5.00000e-01 	 1.00000e+00	1.554312e-15 	 1.5543122344752192e-15
5.17734e+00 	 -5.00000e-01 	 1.00000e+00	1.443290e-15 	 1.5543122344752192e-15
5.18991e+00 	 -5.00000e-01 	 1.00000e+00	1.387779e-15 	 1.3322676295501878e-15
5.20248e+00 	 -5.00000e-01 	 1.00000e+00	1.221245e-15 	 1.3322676295501878e-15
5.21504e+00 	 -5.00000e-01 	 1.00000e+00	1.276756e-15 	 1.3322676295501878e-15
5.22761e+00 	 -5.00000e-01 	 1.00000e+00	1.332268e-15 	 1.3322676295501878e-15
5.24018e+00 	 -5.00000e-01 	 1.00000e+00	1.221245e-15 	 1.3322676295501878e-15
5.25274e+00 	 -5.00000e-01 	 1.00000e+00	1.443290e-15 	 1.3322676295501878e-15
5.26531e+00 	 -5.00000e-01 	 1.00000e+00	1.221245e-15 	 1.3322676295501878e-15
5.27788e+00 	 -5.00000e-01 	 1.00000e+00	1.332268e-15 	 1.3322676295501878e-15
5.29044e+00 	 -5.00000e-01 	 1.00000e+00	1.332268e-15 	 1.3322676295501878e-15
5.30301e+00 	 -5.00000e-01 	 1.00000e+00	1.332268e-15 	 1.3322676295501878e-15
5.31557e+00 	 -5.00000e-01 	 1.00000e+00	1.387779e-15 	 1.3322676295501878e-15
5.32814e+00 	 -5.00000e-01 	 1.00000e+00	1.332268e-15 	 1.5543122344752192e-15
5.34071e+00 	 -5.00000e-01 	 1.00000e+00	1.332268e-15 	 1.3322676295501878e-15
5.35327e+00 	 -5.00000e-01 	 1.00000e+00	1.443290e-15 	 1.5543122344752192e-15
5.36584e+00 	 -5.00000e-01 	 1.00000e+00	1.443290e-15 	 1.3322676295501878e-15
5.37841e+00 	 -5.00000e-01 	 1.00000e+00	1.110223e-15 	 1.3322676295501878e-15
5.39097e+00 	 -5.00000e-01 	 1.00000e+00	1.276756e-15 	 1.3322676295501878e-15
5.40354e+00 	 -5.00000e-01 	 1.00000e+00	1.054712e-15 	 1.1102230246251565e-15
5.41611e+00 	 -5.00000e-01 	 1.00000e+00	9.992007e-16 	 1.1102230246251565e-15
5.42867e+00 	 -5.00000e-01 	 1.00000e+00	1.221245e-15 	 1.1102230246251565e-15
5.44124e+00 	 -5.00000e-01 	 1.00000e+00	9.436896e-16 	 1.1102230246251565e-15
5.45380e+00 	 -5.00000e-01 	 1.00000e+00	9.992007e-16 	 8.8817841970012523e-16
5.46637e+00 	 -5.00000e-01 	 1.00000e+00	9.992007e-16 	 8.8817841970012523e-16
5.47894e+00 	 -5.00000e-01 	 1.00000e+00	8.881784e-16 	 8.8817841970012523e-16
5.49150e+00 	 -5.00000e-01 	 1.00000e+00	8.881784e-16 	 1.1102230246251565e-15
5.50407e+00 	 -5.00000e-01 	 1.00000e+00	9.436896e-16 	 1.1102230246251565e-15
5.51664e+00 	 -5.00000e-01 	 1.00000e+00	1.332268e-15 	 1.3322676295501878e-15
5.52920e+00 	 -5.00000e-01 	 1.00000e+00	1.332268e-15 	 1.3322676295501878e-15
5.54177e+00 	 -5.00000e-01 	 1.00000e+00	1.443290e-15 	 1.5543122344752192e-15
5.55434e+00 	 -5.00000e-01 	 1.00000e+00	1.332268e-15 	 1.3322676295501878e-15
5.56690e+00 	 -5.00000e-01 	 1.00000e+00	1.110223e-15 	 1.1102230246251565e-15
5.57947e+00 	 -5.00000e-01 	 1.00000e+00	1.110223e-15 	 1.1102230246251565e-15
5.59203e+00 	 -5.00000e-01 	 1.00000e+00	1.110223e-15 	 1.3322676295501878e-15
5.60460e+00 	 -5.00000e-01 	 1.00000e+00	1.221245e-15 	 1.3322676295501878e-15
5.61717e+00 	 -5.00000e-01 	 1.00000e+00	1.221245e-15 	 1.3322676295501878e-15
5.62973e+00 	 -5.00000e-01 	 1.00000e+00	1.110223e-15 	 1.1102230246251565e-15
5.64230e+00 	 -5.00000e-01 	 1.00000e+00	1.054712e-15 	 1.1102230246251565e-15
5.65487e+00 	 -5.00000e-01 	 1.00000e+00	1.110223e-15 	 1.1102230246251565e-15
5.66743e+00 	 -5.00000e-01 	 1.00000e+00	1.165734e-15 	 1.1102230246251565e-15
5.68000e+00 	 -5.00000e-01 	 1.00000e+00	1.054712e-15 	 1.1102230246251565e-15
5.69257e+00 	 -5.00000e-01 	 1.00000e+00	1.110223e-15 	 1.1102230246251565e-15
5.70513e+00 	 -5.00000e-01 	 1.00000e+00	1.387779e-15 	 1.3322676295501878e-15
5.71770e+00 	 -5.00000e-01 	 1.00000e+00	1.554312e-15 	 1.3322676295501878e-15
5.73027e+00 	 -5.00000e-01 	 1.00000e+00	1.443290e-15 	 1.3322676295501878e-15
5.74283e+00 	 -5.00000e-01 	 1.00000e+00	1.554312e-15 	 1.5543122344752192e-15
5.75540e+00 	 -5.00000e-01 	 1.00000e+00	1.498801e-15 	 1.5543122344752192e-15
5.76796e+00 	 -5.00000e-01 	 1.00000e+00	1.554312e-15 	 1.5543122344752192e-15
5.78053e+00 	 -5.00000e-01 	 1.00000e+00	1.609823e-15 	 1.7763568394002505e-15
5.79310e+00 	 -5.00000e-01 	 1.00000e+00	1.887379e-15 	 1.7763568394002505e-15
5.80566e+00 	 -5.00000e-01 	 1.00000e+00	1.887379e-15 	 1.7763568394002505e-15
5.81823e+00 	 -5.00000e-01 	 1.00000e+00	1.554312e-15 	 1.5543122344752192e-15
5.83080e+00 	 -5.00000e-01 	 1.00000e+00	1.443290e-15 	 1.5543122344752192e-15
5.84336e+00 	 -5.00000e-01 	 1.00000e+00	1.332268e-15 	 1.3322676295501878e-15
5.85593e+00 	 -5.00000e-01 	 1.00000e+00	1.332268e-15 	 1.3322676295501878e-15
5.86850e+00 	 -5.00000e-01 	 1.00000e+00	1.332268e-15 	 1.3322676295501878e-15
5.88106e+00 	 -5.00000e-01 	 1.00000e+00	1.276756e-15 	 1.3322676295501878e-15
5.89363e+00 	 -5.00000e-01 	 1.00000e+00	1.221245e-15 	 1.3322676295501878e-15
5.90619e+00 	 -5.00000e-01 	 1.00000e+00	1.332268e-15 	 1.3322676295501878e-15
5.91876e+00 	 -5.00000e-01 	 1.00000e+00	1.054712e-15 	 1.3322676295501878e-15
5.93133e+00 	 -5.00000e-01 	 1.00000e+00	1.165734e-15 	 1.1102230246251565e-15
5.94389e+00 	 -5.00000e-01 	 1.00000e+00	1.110223e-15 	 1.1102230246251565e-15
5.95646e+00 	 -5.00000e-01 	 1.00000e+00	1.110223e-15 	 1.1102230246251565e-15
5.96903e+00 	 -5.00000e-01 	 1.00000e+00	1.110223e-15 	 1.3322676295501878e-15
5.98159e+00 	 -5.00000e-01 	 1.00000e+00	1.054712e-15 	 1.1102230246251565e-15
5.99416e+00 	 -5.00000e-01 	 1.00000e+00	9.992007e-16 	 1.1102230246251565e-15
6.00673e+00 	 -5.00000e-01 	 1.00000e+00	9.992007e-16 	 1.1102230246251565e-15
6.01929e+00 	 -5.00000e-01 	 1.00000e+00	1.110223e-15 	 1.1102230246251565e-15
6.03186e+00 	 -5.00000e-01 	 1.00000e+00	1.054712e-15 	 1.1102230246251565e-15
6.04442e+00 	 -5.00000e-01 	 1.00000e+00	1.110223e-15 	 1.1102230246251565e-15
6.05699e+00 	 -5.00000e-01 	 1.00000e+00	8.881784e-16 	 8.8817841970012523e-16
6.06956e+00 	 -5.00000e-01 	 1.00000e+00	1.054712e-15 	 8.8817841970012523e-16
6.08212e+00 	 -5.00000e-01 	 1.00000e+00	8.881784e-16 	 8.8817841970012523e-16
6.09469e+00 	 -5.00000e-01 	 1.00000e+00	7.216450e-16 	 8.8817841970012523e-16
6.10726e+00 	 -5.00000e-01 	 1.00000e+00	6.661338e-16 	 8.8817841970012523e-16
6.11982e+00 	 -5.00000e-01 	 1.00000e+00	7.771561e-16 	 6.6613381477509392e-16
6.13239e+00 	 -5.00000e-01 	 1.00000e+00	6.661338e-16 	 6.6613381477509392e-16
6.14496e+00 	 -5.00000e-01 	 1.00000e+00	6.106227e-16 	 6.6613381477509392e-16
6.15752e+00 	 -5.00000e-01 	 1.00000e+00	6.106227e-16 	 6.6613381477509392e-16
6.17009e+00 	 -5.00000e-01 	 1.00000e+00	7.216450e-16 	 8.8817841970012523e-16
6.18265e+00 	 -5.00000e-01 	 1.00000e+00	8.881784e-16 	 8.8817841970012523e-16
6.19522e+00 	 -5.00000e-01 	 1.00000e+00	8.881784e-16 	 8.8817841970012523e-16
6.20779e+00 	 -5.00000e-01 	 1.00000e+00	9.992007e-16 	 1.1102230246251565e-15
6.22035e+00 	 -5.00000e-01 	 1.00000e+00	9.436896e-16 	 1.1102230246251565e-15
6.23292e+00 	 -5.00000e-01 	 1.00000e+00	9.436896e-16 	 8.8817841970012523e-16
6.24549e+00 	 -5.00000e-01 	 1.00000e+00	8.881784e-16 	 8.8817841970012523e-16
6.25805e+00 	 -5.00000e-01 	 1.00000e+00	7.771561e-16 	 1.1102230246251565e-15
6.27062e+00 	 -5.00000e-01 	 1.00000e+00	1.165734e-15 	 1.1102230246251565e-15
6.28319e+00 	 -5.00000e-01 	 1.00000e+00	1.165734e-15 	 1.1102230246251565e-15
