Number of points: 1.98452 	 0.68538 	 0.46975
1.01952 	 0.70471 	 0.47012
1.50106 	 1.11088 	 0.63510
1.29379 	 1.36846 	 0.70144
1.81223 	 1.96302 	 1.05494
1.51276 	 2.37695 	 1.22628
1.64116 	 2.87236 	 1.47171
1.40152 	 3.20991 	 1.58565
1.13733 	 3.33859 	 1.60221
1.01712 	 3.35557 	 1.60250
1.17033 	 3.51285 	 1.62723
1.82269 	 4.11317 	 1.98761
1.34335 	 4.40833 	 2.07473
1.45703 	 4.78473 	 2.21641
1.98846 	 5.47209 	 2.68887
1.74812 	 6.03063 	 3.00084
1.09825 	 6.12434 	 3.00962
1.33802 	 6.41553 	 3.09441
1.94236 	 7.07943 	 3.53517
1.33137 	 7.36564 	 3.61709
1.35269 	 7.66774 	 3.70835
1.64954 	 8.16823 	 3.95885
1.99739 	 8.86007 	 4.43749
1.42950 	 9.21740 	 4.56517
1.13739 	 9.34613 	 4.58174
1.25542 	 9.57360 	 4.63349
1.99547 	 10.26449 	 5.11080
1.62284 	 10.74867 	 5.34523
1.53137 	 11.17483 	 5.52685
1.32101 	 11.45322 	 5.60435
1.26461 	 11.68798 	 5.65946
1.51589 	 12.10399 	 5.83252
1.34053 	 12.39705 	 5.91841
1.76567 	 12.96558 	 6.24164
1.80968 	 13.55873 	 6.59346
1.15275 	 13.70088 	 6.61367
1.27843 	 13.94652 	 6.67401
1.45084 	 14.31866 	 6.81250
1.55427 	 14.75967 	 7.00698
1.41576 	 15.10733 	 7.12786
1.46796 	 15.49121 	 7.27522
1.72459 	 16.03620 	 7.57223
1.23845 	 16.25006 	 7.61797
1.81131 	 16.84411 	 7.97087
1.18162 	 17.01100 	 7.99872
1.22691 	 17.21549 	 8.04054
1.55943 	 17.65982 	 8.23796
1.27987 	 17.90657 	 8.29885
1.56492 	 18.35441 	 8.49940
1.50179 	 18.76106 	 8.66477
1.61124 	 19.23807 	 8.89230
1.91761 	 19.88915 	 9.31621
1.15132 	 20.03006 	 9.33607
1.60862 	 20.50544 	 9.56205
1.34711 	 20.80340 	 9.65083
1.28872 	 21.05705 	 9.71517
1.86404 	 21.67980 	 10.10298
1.34259 	 21.97440 	 10.18977
1.91156 	 22.62232 	 10.60957
1.39541 	 22.95550 	 10.72059
1.66359 	 23.46448 	 10.97965
1.17617 	 23.62675 	 11.00598
1.91130 	 24.27453 	 11.42560
1.00412 	 24.27864 	 11.42562
1.94184 	 24.94228 	 11.86603
1.72098 	 25.48518 	 12.16077
1.15687 	 25.63089 	 12.18200
1.22027 	 25.82997 	 12.22163
1.17183 	 25.98853 	 12.24678
1.71114 	 26.52569 	 12.53532
1.63603 	 27.01797 	 12.77765
1.63979 	 27.51253 	 13.02225
1.43573 	 27.87421 	 13.15306
1.87448 	 28.50254 	 13.54786
1.45110 	 28.87487 	 13.68648
1.61735 	 29.35566 	 13.91765
1.10139 	 29.45223 	 13.92697
1.01053 	 29.46271 	 13.92708
1.89722 	 30.10310 	 14.33718
1.66631 	 30.61371 	 14.59791
1.51232 	 31.02735 	 14.76901
1.50846 	 31.43844 	 14.93800
1.58392 	 31.89835 	 15.14951
1.66364 	 32.40736 	 15.40861
1.11708 	 32.51808 	 15.42086
1.93104 	 33.17613 	 15.85390
1.95236 	 33.84517 	 16.30152
1.98112 	 34.52884 	 16.76891
1.27363 	 34.77070 	 16.82741
1.86392 	 35.39339 	 17.21515
1.37653 	 35.71295 	 17.31727
1.93722 	 36.37421 	 17.75453
1.04009 	 36.41352 	 17.75607
1.28783 	 36.66648 	 17.82006
1.94134 	 37.32986 	 18.26013
1.98193 	 38.01393 	 18.72809
1.00882 	 38.02271 	 18.72817
1.09821 	 38.11639 	 18.73694
1.20221 	 38.30055 	 18.77086
1.18064 	 38.46661 	 18.79843
1.80935 	 39.05957 	 19.15004
1.83824 	 39.66838 	 19.52069
1.82043 	 40.26746 	 19.87958
1.24508 	 40.48666 	 19.92763
1.71272 	 41.02474 	 20.21716
1.27153 	 41.26496 	 20.27487
1.86244 	 41.88685 	 20.66161
1.81411 	 42.48245 	 21.01635
1.28206 	 42.73092 	 21.07809
1.75966 	 43.29604 	 21.39745
1.48042 	 43.68837 	 21.55137
1.79438 	 44.27303 	 21.89320
1.26812 	 44.51056 	 21.94962
1.06435 	 44.57292 	 21.95351
1.45803 	 44.95001 	 22.09570
1.38520 	 45.27585 	 22.20188
1.99539 	 45.96669 	 22.67913
1.41039 	 46.31056 	 22.79738
1.36632 	 46.62267 	 22.89479
1.26901 	 46.86091 	 22.95155
1.27431 	 47.10332 	 23.01031
1.74285 	 47.65884 	 23.31892
1.20623 	 47.84634 	 23.35407
1.31441 	 48.11973 	 23.42881
1.03068 	 48.14995 	 23.42973
1.14757 	 48.28760 	 23.44867
1.29634 	 48.54714 	 23.51604
1.03950 	 48.58588 	 23.51754
1.24578 	 48.80564 	 23.56583
1.49855 	 49.21014 	 23.72945
1.22014 	 49.40910 	 23.76904
1.05513 	 49.46276 	 23.77192
1.33679 	 49.75303 	 23.85617
1.04057 	 49.79280 	 23.85776
1.30021 	 50.05533 	 23.92668
1.04951 	 50.10366 	 23.92901
1.31210 	 50.37529 	 24.00279
1.16265 	 50.52599 	 24.02551
1.86363 	 51.14851 	 24.41304
1.59417 	 51.61486 	 24.63053
1.92231 	 52.26839 	 25.05762
1.34405 	 52.56408 	 25.14505
1.38855 	 52.89234 	 25.25281
1.19042 	 53.06665 	 25.28319
1.40840 	 53.40910 	 25.40047
1.84658 	 54.02243 	 25.77665
1.57562 	 54.47708 	 25.98335
1.40378 	 54.81625 	 26.09839
1.25697 	 55.04496 	 26.15069
1.94194 	 55.70864 	 26.59117
1.67279 	 56.22314 	 26.85588
1.53129 	 56.64925 	 27.03745
1.68479 	 57.17089 	 27.30955
1.87903 	 57.80164 	 27.70740
1.84569 	 58.41449 	 28.08299
1.71547 	 58.95418 	 28.37425
1.02660 	 58.98043 	 28.37494
1.14204 	 59.11324 	 28.39258
1.75496 	 59.67569 	 28.70893
1.27238 	 59.91657 	 28.76696
1.64058 	 60.41163 	 29.01203
1.97510 	 61.09225 	 29.47528
1.32750 	 61.37555 	 29.55554
1.97737 	 62.05731 	 30.02034
1.01567 	 62.07287 	 30.02059
1.62771 	 62.56004 	 30.25793
1.02689 	 62.58657 	 30.25863
1.32777 	 62.87008 	 30.33901
1.79036 	 63.45250 	 30.67822
1.89051 	 64.08934 	 31.08379
1.92194 	 64.74268 	 31.51064
1.71267 	 65.28073 	 31.80014
1.23456 	 65.49145 	 31.84454
1.31049 	 65.76185 	 31.91766
1.90309 	 66.40533 	 32.33173
1.64296 	 66.90183 	 32.57824
1.15707 	 67.04773 	 32.59952
1.47871 	 67.43890 	 32.75254
1.04675 	 67.48458 	 32.75463
1.41404 	 67.83104 	 32.87466
1.42065 	 68.18215 	 32.99794
1.71954 	 68.72420 	 33.29176
1.94533 	 69.38964 	 33.73456
1.10543 	 69.48987 	 33.74461
1.59857 	 69.95898 	 33.96467
1.79102 	 70.54177 	 34.30431
1.82090 	 71.14110 	 34.66351
1.62516 	 71.62670 	 34.89932
1.93306 	 72.28581 	 35.33374
1.57586 	 72.74061 	 35.54058
1.89754 	 73.38117 	 35.95090
1.57364 	 73.83456 	 36.15646
1.55097 	 74.27344 	 36.34907
1.22504 	 74.47641 	 36.39027
1.55102 	 74.91532 	 36.58291
1.56664 	 75.36425 	 36.78445
1.85275 	 75.98093 	 37.16474
1.57790 	 76.43702 	 37.37276
1.89441 	 77.07593 	 37.78097
1.64312 	 77.57253 	 38.02757
1.46842 	 77.95671 	 38.17517
1.81635 	 78.55354 	 38.53138
1.35578 	 78.85792 	 38.62403
1.70298 	 79.39030 	 38.90746
1.12684 	 79.50972 	 38.92172
1.25887 	 79.73994 	 38.97472
1.34594 	 80.03704 	 39.06298
1.28392 	 80.28695 	 39.12544
1.73758 	 80.83945 	 39.43069
1.39269 	 81.17068 	 39.54041
1.69796 	 81.70011 	 39.82070
1.15823 	 81.84701 	 39.84228
1.11223 	 81.95337 	 39.85360
1.64329 	 82.45007 	 40.10031
1.26366 	 82.68409 	 40.15507
1.71080 	 83.22105 	 40.44339
1.43431 	 83.58173 	 40.57349
1.08456 	 83.66291 	 40.58008
1.33596 	 83.95256 	 40.66397
1.36737 	 84.26545 	 40.76187
1.66043 	 84.77252 	 41.01900
1.23349 	 84.98237 	 41.06303
1.94101 	 85.64558 	 41.50288
1.21139 	 85.83735 	 41.53966
1.45853 	 86.21478 	 41.68211
1.49203 	 86.61492 	 41.84222
1.77803 	 87.19043 	 42.17343
1.31128 	 87.46143 	 42.24687
1.06993 	 87.52903 	 42.25144
1.67244 	 88.04331 	 42.51593
1.95440 	 88.71340 	 42.96494
1.53835 	 89.14411 	 43.15046
1.48880 	 89.54208 	 43.30883
1.31018 	 89.81224 	 43.38182
1.24133 	 90.02843 	 43.42856
1.61564 	 90.50816 	 43.65870
1.56906 	 90.95863 	 43.86163
1.58728 	 91.42065 	 44.07509
1.89956 	 92.06227 	 44.48677
1.30664 	 92.32973 	 44.55830
1.97997 	 93.01281 	 45.02490
1.59752 	 93.48126 	 45.24435
1.46487 	 93.86303 	 45.39009
1.09220 	 93.95122 	 45.39787
1.24080 	 94.16698 	 45.44442
1.72854 	 94.71426 	 45.74393
1.80299 	 95.30371 	 46.09138
1.67512 	 95.81959 	 46.35752
1.81310 	 96.41463 	 46.71159
1.13895 	 96.54473 	 46.72852
1.04249 	 96.58634 	 46.73025
1.47353 	 96.97400 	 46.88053
1.37244 	 97.29059 	 46.98076
1.98350 	 97.97546 	 47.44980
1.68492 	 98.49718 	 47.72199
1.83097 	 99.10202 	 48.08782
1.47553 	 99.49104 	 48.23916
1.46295 	 99.87150 	 48.38391
1.14225 	 100.00450 	 48.40160
1.54547 	 100.43983 	 48.59111
1.13539 	 100.56681 	 48.60723
1.09665 	 100.65907 	 48.61574
1.08382 	 100.73956 	 48.62222
1.62419 	 101.22457 	 48.85745
1.40683 	 101.56591 	 48.97397
1.32515 	 101.84744 	 49.05323
1.23983 	 102.06241 	 49.09944
1.97589 	 102.74343 	 49.56323
1.91243 	 103.39181 	 49.98362
1.13939 	 103.52230 	 50.00065
1.28253 	 103.77113 	 50.06256
1.89240 	 104.40898 	 50.46941
1.73690 	 104.96108 	 50.77423
1.74740 	 105.51921 	 51.08574
1.98459 	 106.20463 	 51.55553
1.97771 	 106.88656 	 52.02057
1.47594 	 107.27586 	 52.17212
1.78759 	 107.85673 	 52.50953
1.65283 	 108.35921 	 52.76202
1.28904 	 108.61311 	 52.82648
1.92654 	 109.26883 	 53.25646
1.69531 	 109.79670 	 53.53510
1.76257 	 110.36347 	 53.85633
1.29898 	 110.62505 	 53.92475
1.67882 	 111.14314 	 54.19317
1.44749 	 111.51296 	 54.32994
1.12995 	 111.63513 	 54.34487
1.15435 	 111.77867 	 54.36547
1.91044 	 112.42600 	 54.78451
1.27220 	 112.66675 	 54.84247
1.69982 	 113.19727 	 55.12392
1.04583 	 113.24208 	 55.12593
1.36885 	 113.55606 	 55.22451
1.78363 	 114.13471 	 55.55935
1.67002 	 114.64755 	 55.82235
1.77569 	 115.22174 	 56.15204
1.10879 	 115.32500 	 56.16270
1.90985 	 115.97203 	 56.58135
1.75158 	 116.53254 	 56.89553
1.02122 	 116.55354 	 56.89597
1.04924 	 116.60160 	 56.89828
1.03411 	 116.63514 	 56.89940
1.91361 	 117.28414 	 57.32059
1.78614 	 117.86420 	 57.65706
1.78151 	 118.44166 	 57.99053
1.89821 	 119.08257 	 58.40129
1.76385 	 119.65007 	 58.72335
1.25745 	 119.87916 	 58.77583
1.68579 	 120.40139 	 59.04856
1.41668 	 120.74971 	 59.16988
1.54649 	 121.18569 	 59.35997
1.61233 	 121.66337 	 59.58814
1.11199 	 121.76952 	 59.59941
1.30906 	 122.03883 	 59.67194
1.91131 	 122.68662 	 60.09157
1.79080 	 123.26928 	 60.43107
1.75654 	 123.83263 	 60.74843
1.04126 	 123.87306 	 60.75006
1.94515 	 124.53840 	 61.19274
1.66698 	 125.04941 	 61.45387
1.31346 	 125.32207 	 61.52822
1.64497 	 125.81980 	 61.77594
1.71281 	 126.35793 	 62.06553
1.68231 	 126.87810 	 62.33611
1.42860 	 127.23480 	 62.46334
1.38283 	 127.55893 	 62.56840
1.45800 	 127.93599 	 62.71058
1.53739 	 128.36608 	 62.89556
1.29268 	 128.62280 	 62.96146
1.20958 	 128.81307 	 62.99766
1.55861 	 129.25686 	 63.19461
1.34192 	 129.55096 	 63.28111
1.24369 	 129.76905 	 63.32867
1.47222 	 130.15582 	 63.47826
1.12806 	 130.27632 	 63.49278
1.02521 	 130.30121 	 63.49340
1.37042 	 130.61633 	 63.59270
1.89191 	 131.25392 	 63.99922
1.28266 	 131.50285 	 64.06119
1.05622 	 131.55755 	 64.06418
1.30858 	 131.82649 	 64.13651
1.82915 	 132.43035 	 64.50115
1.66855 	 132.94230 	 64.76324
1.42057 	 133.29336 	 64.88649
1.13821 	 133.42282 	 64.90325
1.57986 	 133.88015 	 65.11240
1.21138 	 134.07191 	 65.14917
1.89475 	 134.71100 	 65.55761
1.62111 	 135.19411 	 65.79100
1.15653 	 135.33953 	 65.81215
1.56173 	 135.78533 	 66.01088
1.93457 	 136.44521 	 66.44633
1.80150 	 137.03383 	 66.79280
1.27454 	 137.27641 	 66.85165
1.61688 	 137.75691 	 67.08253
1.23010 	 137.96401 	 67.12542
1.65736 	 138.46924 	 67.38067
1.07488 	 138.54145 	 67.38589
1.76749 	 139.11101 	 67.71029
1.95004 	 139.77886 	 68.15631
1.28446 	 140.02920 	 68.21899
1.32610 	 140.31144 	 68.29865
1.29196 	 140.56760 	 68.36426
1.52816 	 140.99167 	 68.54409
1.79832 	 141.57852 	 68.88849
1.42002 	 141.92919 	 69.01146
1.55337 	 142.36961 	 69.20543
1.16874 	 142.52554 	 69.22974
1.31193 	 142.79704 	 69.30345
1.83603 	 143.40464 	 69.67263
1.22496 	 143.60755 	 69.71381
1.62051 	 144.09029 	 69.94685
1.66518 	 144.60022 	 70.20688
1.89351 	 145.23865 	 70.61447
1.04109 	 145.27891 	 70.61609
1.80339 	 145.86858 	 70.96380
1.47336 	 146.25613 	 71.11399
1.25246 	 146.48124 	 71.16467
1.69814 	 147.01077 	 71.44507
1.09447 	 147.10105 	 71.45322
1.40899 	 147.44392 	 71.57078
1.25987 	 147.67493 	 71.62415
1.02904 	 147.70356 	 71.62497
1.21049 	 147.89458 	 71.66146
1.53440 	 148.32272 	 71.84476
1.64592 	 148.82102 	 72.09307
1.44059 	 149.18608 	 72.22633
1.19177 	 149.36152 	 72.25711
1.72081 	 149.90431 	 72.55173
1.20809 	 150.09335 	 72.58747
1.14181 	 150.22597 	 72.60506
1.00527 	 150.23122 	 72.60508
1.53419 	 150.65922 	 72.78827
1.43377 	 151.01953 	 72.91809
1.53343 	 151.44703 	 73.10085
1.33250 	 151.73409 	 73.18325
1.85379 	 152.35133 	 73.56423
1.08679 	 152.43456 	 73.57116
1.50124 	 152.84085 	 73.73623
1.16572 	 152.99419 	 73.75974
1.92282 	 153.64798 	 74.18719
1.72620 	 154.19390 	 74.48522
1.78623 	 154.77401 	 74.82174
1.58799 	 155.23648 	 75.03562
1.61971 	 155.71873 	 75.26818
1.82732 	 156.32157 	 75.63161
1.39138 	 156.65187 	 75.74071
1.09307 	 156.74086 	 75.74863
1.07978 	 156.81762 	 75.75452
1.08952 	 156.90335 	 75.76187
1.18754 	 157.07524 	 75.79141
1.48877 	 157.47319 	 75.94978
1.34939 	 157.77284 	 76.03957
1.21659 	 157.96889 	 76.07800
1.69926 	 158.49908 	 76.35911
1.88379 	 159.13237 	 76.76016
1.86251 	 159.75430 	 77.14695
1.13985 	 159.88520 	 77.16409
1.07556 	 159.95804 	 77.16939
1.58331 	 160.41756 	 77.38055
1.34794 	 160.71614 	 77.46970
1.21737 	 160.91283 	 77.50839
1.58858 	 161.37567 	 77.72261
1.88213 	 162.00808 	 78.12254
1.65115 	 162.50955 	 78.37401
1.12201 	 162.62467 	 78.38727
1.21463 	 162.81910 	 78.42507
1.50494 	 163.22786 	 78.59215
1.20880 	 163.41749 	 78.62811
1.71587 	 163.95741 	 78.91962
1.67065 	 164.47062 	 79.18301
1.13162 	 164.59427 	 79.19830
1.44207 	 164.96035 	 79.33232
1.45689 	 165.33665 	 79.47392
1.71961 	 165.87875 	 79.76779
1.06178 	 165.93870 	 79.77139
1.28420 	 166.18883 	 79.83395
1.11100 	 166.29409 	 79.84503
1.15485 	 166.43806 	 79.86576
1.36398 	 166.74847 	 79.96211
1.20052 	 166.93122 	 79.99551
1.34239 	 167.22567 	 80.08221
1.85275 	 167.84234 	 80.46250
1.54990 	 168.28053 	 80.65451
1.55898 	 168.72456 	 80.85167
1.55201 	 169.16411 	 81.04488
1.43369 	 169.52437 	 81.17466
1.42149 	 169.87607 	 81.29836
1.69187 	 170.40190 	 81.57486
1.50925 	 170.81352 	 81.74428
1.00480 	 170.81831 	 81.74431
1.03981 	 170.85734 	 81.74583
1.72663 	 171.40351 	 82.04413
1.59338 	 171.86937 	 82.26116
1.92193 	 172.52270 	 82.68800
1.37777 	 172.84317 	 82.79070
1.71539 	 173.38282 	 83.08191
1.13656 	 173.51082 	 83.09830
1.88271 	 174.14353 	 83.49862
1.92420 	 174.79804 	 83.92700
1.85243 	 175.41454 	 84.30707
1.55336 	 175.85496 	 84.50105
1.05582 	 175.90928 	 84.50400
1.29450 	 176.16740 	 84.57063
1.01025 	 176.17760 	 84.57073
1.77543 	 176.75164 	 84.90025
1.35628 	 177.05639 	 84.99312
1.29445 	 177.31447 	 85.05973
1.88643 	 177.94916 	 85.46256
1.51113 	 178.36201 	 85.63301
1.65843 	 178.86788 	 85.88891
1.08694 	 178.95125 	 85.89586
1.85352 	 179.56834 	 86.27665
1.51118 	 179.98123 	 86.44713
1.63685 	 180.47400 	 86.68996
1.41249 	 180.81936 	 86.80923
1.06319 	 180.88063 	 86.81298
1.07054 	 180.94879 	 86.81763
1.83398 	 181.55528 	 87.18546
1.75506 	 182.11778 	 87.50187
1.57979 	 182.57508 	 87.71098
1.83878 	 183.18418 	 88.08199
1.79487 	 183.76911 	 88.42413
1.30642 	 184.03640 	 88.49558
1.43216 	 184.39559 	 88.62459
1.71680 	 184.93605 	 88.91669
1.68419 	 185.45734 	 89.18843
1.14756 	 185.59497 	 89.20738
1.85336 	 186.21197 	 89.58807
1.56690 	 186.66108 	 89.78976
1.07175 	 186.73037 	 89.79456
1.70579 	 187.26440 	 90.07975
1.12027 	 187.37797 	 90.09265
1.12757 	 187.49803 	 90.10706
1.00029 	 187.49832 	 90.10706
1.13052 	 187.62100 	 90.12211
1.90300 	 188.26443 	 90.53611
1.35657 	 188.56939 	 90.62911
1.42497 	 188.92353 	 90.75453
1.78942 	 189.50543 	 91.09313
1.86770 	 190.13014 	 91.48339
1.08340 	 190.21024 	 91.48981
1.87637 	 190.83957 	 91.88587
1.72121 	 191.38260 	 92.18075
1.59458 	 191.84921 	 92.39848
1.51321 	 192.26345 	 92.57007
1.13371 	 192.38894 	 92.58582
1.65777 	 192.89441 	 92.84132
1.58375 	 193.35421 	 93.05273
1.96769 	 194.03107 	 93.51087
1.41283 	 194.37666 	 93.63030
1.16355 	 194.52813 	 93.65325
1.80647 	 195.11950 	 94.00297
1.20769 	 195.30822 	 94.03858
1.46997 	 195.69346 	 94.18699
1.23863 	 195.90746 	 94.23279
1.92449 	 196.56213 	 94.66137
1.15416 	 196.70550 	 94.68193
1.38618 	 197.03205 	 94.78857
1.77786 	 197.60746 	 95.11966
1.72107 	 198.15041 	 95.41445
1.45793 	 198.52743 	 95.55660
1.48365 	 198.92193 	 95.71223
1.84133 	 199.53242 	 96.08493
1.58550 	 199.99332 	 96.29736
1.48394 	 200.38802 	 96.45315
1.97185 	 201.06700 	 96.91415
1.48850 	 201.46476 	 97.07237
1.84052 	 202.07481 	 97.44452
1.39681 	 202.40900 	 97.55621
1.27792 	 202.65424 	 97.61635
1.70821 	 203.18969 	 97.90305
1.48021 	 203.58187 	 98.05686
1.15429 	 203.72536 	 98.07745
1.42943 	 204.08263 	 98.20509
1.07479 	 204.15475 	 98.21030
1.66750 	 204.66608 	 98.47175
1.56314 	 205.11277 	 98.67129
1.73255 	 205.66237 	 98.97334
1.25125 	 205.88651 	 99.02358
1.53082 	 206.31232 	 99.20489
1.14538 	 206.44806 	 99.22332
1.41480 	 206.79504 	 99.34372
1.33729 	 207.08569 	 99.42819
1.35308 	 207.38807 	 99.51963
1.88477 	 208.02187 	 99.92133
1.57592 	 208.47671 	 100.12821
1.27757 	 208.72167 	 100.18822
1.03893 	 208.75986 	 100.18968
1.96210 	 209.43387 	 100.64397
1.05543 	 209.48782 	 100.64688
1.75999 	 210.05313 	 100.96646
1.42004 	 210.40381 	 101.08944
1.53907 	 210.83499 	 101.27535
1.60133 	 211.30582 	 101.49704
1.00554 	 211.31135 	 101.49707
1.02302 	 211.33410 	 101.49759
1.57317 	 211.78720 	 101.70288
1.49404 	 212.18868 	 101.86407
1.86353 	 212.81116 	 102.25154
1.96999 	 213.48918 	 102.71126
1.77196 	 214.06127 	 103.03855
1.57175 	 214.51346 	 103.24302
1.45020 	 214.88516 	 103.38118
1.92625 	 215.54073 	 103.81096
1.00117 	 215.54190 	 103.81096
1.52498 	 215.96389 	 103.98903
1.59375 	 216.42998 	 104.20627
1.56431 	 216.87742 	 104.40648
1.25754 	 217.10657 	 104.45899
1.84500 	 217.71906 	 104.83412
1.09513 	 217.80993 	 104.84238
1.40292 	 218.14849 	 104.95700
1.25980 	 218.37944 	 105.01034
1.43242 	 218.73881 	 105.13948
1.75599 	 219.30184 	 105.45649
1.14457 	 219.43687 	 105.47472
1.00834 	 219.44517 	 105.47479
1.03356 	 219.47819 	 105.47588
1.18350 	 219.64666 	 105.50426
1.97044 	 220.32492 	 105.96430
1.08899 	 220.41016 	 105.97156
1.94349 	 221.07465 	 106.41311
1.39048 	 221.40430 	 106.52177
1.62806 	 221.89169 	 106.75932
1.54482 	 222.32659 	 106.94847
1.39602 	 222.66022 	 107.05977
1.65108 	 223.16165 	 107.31120
1.11799 	 223.27318 	 107.32364
1.89005 	 223.90978 	 107.72891
1.51461 	 224.32494 	 107.90126
1.08798 	 224.40926 	 107.90837
1.66201 	 224.91729 	 108.16647
1.08636 	 225.00013 	 108.17333
1.53818 	 225.43072 	 108.35874
1.58826 	 225.89336 	 108.57278
1.08753 	 225.97727 	 108.57982
1.06316 	 226.03852 	 108.58357
1.18201 	 226.20574 	 108.61153
1.65184 	 226.70763 	 108.86343
1.32069 	 226.98578 	 108.94080
1.02702 	 227.01244 	 108.94151
1.74698 	 227.57033 	 109.25275
1.72361 	 228.11475 	 109.54914
1.28682 	 228.36692 	 109.61273
1.17940 	 228.53193 	 109.63996
1.47960 	 228.92370 	 109.79344
1.43139 	 229.28234 	 109.92207
1.18774 	 229.45439 	 109.95167
1.51316 	 229.86860 	 110.12323
1.61489 	 230.34786 	 110.35293
1.15818 	 230.49471 	 110.37449
1.60215 	 230.96606 	 110.59666
1.55838 	 231.40970 	 110.79348
1.54866 	 231.84709 	 110.98479
1.23021 	 232.05427 	 111.02771
1.10319 	 232.15248 	 111.03736
1.94467 	 232.81758 	 111.47971
1.88129 	 233.44954 	 111.87908
1.22119 	 233.64936 	 111.91901
1.83473 	 234.25625 	 112.28733
1.39590 	 234.58979 	 112.39858
1.30916 	 234.85918 	 112.47115
1.49674 	 235.26247 	 112.63379
1.48226 	 235.65604 	 112.78869
1.84734 	 236.26979 	 113.16537
1.08500 	 236.35137 	 113.17203
1.56979 	 236.80231 	 113.37538
1.91050 	 237.44967 	 113.79446
1.26702 	 237.68634 	 113.85047
1.22163 	 237.88653 	 113.89054
1.23119 	 238.09451 	 113.93380
1.29403 	 238.35227 	 114.00024
1.96861 	 239.02960 	 114.45901
1.95480 	 239.69989 	 114.90830
1.58085 	 240.15785 	 115.11803
1.14801 	 240.29588 	 115.13708
1.43440 	 240.65663 	 115.26722
1.01224 	 240.66879 	 115.26737
1.33575 	 240.95828 	 115.35117
1.94756 	 241.62486 	 115.79550
1.62713 	 242.11168 	 116.03249
1.49392 	 242.51309 	 116.19362
1.54971 	 242.95115 	 116.38552
1.18551 	 243.12132 	 116.41448
1.04258 	 243.16302 	 116.41622
1.77992 	 243.73959 	 116.74865
1.28870 	 243.99323 	 116.81298
1.98726 	 244.67998 	 117.28461
1.66121 	 245.18753 	 117.54221
1.50988 	 245.59956 	 117.71198
1.82198 	 246.19948 	 118.07189
1.05711 	 246.25502 	 118.07498
1.81905 	 246.85334 	 118.43296
1.31872 	 247.13000 	 118.50950
1.53937 	 247.56138 	 118.69558
1.66639 	 248.07203 	 118.95636
1.40372 	 248.41116 	 119.07136
1.10916 	 248.51477 	 119.08210
1.57688 	 248.97022 	 119.28953
1.67074 	 249.48349 	 119.55298
1.33080 	 249.76927 	 119.63465
1.80807 	 250.36153 	 119.98542
1.96477 	 251.03691 	 120.44156
1.29941 	 251.29881 	 120.51015
1.76287 	 251.86576 	 120.83158
1.54563 	 252.30119 	 121.02118
1.44742 	 252.67097 	 121.15791
1.19727 	 252.85101 	 121.19033
1.55787 	 253.29433 	 121.38686
1.78316 	 253.87272 	 121.72139
1.14483 	 254.00797 	 121.73969
1.18500 	 254.17772 	 121.76850
1.27709 	 254.42230 	 121.82832
1.69454 	 254.94971 	 122.10648
1.37051 	 255.26489 	 122.20582
1.31967 	 255.54227 	 122.28276
1.47446 	 255.93056 	 122.43353
1.65921 	 256.43690 	 122.68991
1.30692 	 256.70457 	 122.76156
1.13567 	 256.83180 	 122.77775
1.16909 	 256.98802 	 122.80215
1.12890 	 257.10927 	 122.81685
1.19278 	 257.28556 	 122.84793
1.98814 	 257.97276 	 123.32017
1.44763 	 258.34268 	 123.45702
1.73215 	 258.89205 	 123.75882
1.65453 	 259.39556 	 124.01235
1.85135 	 260.01148 	 124.39170
1.84132 	 260.62196 	 124.76439
1.23141 	 260.83012 	 124.80772
1.52209 	 261.25021 	 124.98419
1.17211 	 261.40902 	 125.00941
1.03949 	 261.44774 	 125.01091
1.48687 	 261.84441 	 125.16826
1.47152 	 262.23071 	 125.31748
1.80236 	 262.81981 	 125.66452
1.03249 	 262.85178 	 125.66554
1.91894 	 263.50356 	 126.09035
1.99963 	 264.19652 	 126.57054
1.59037 	 264.66048 	 126.78580
1.70210 	 265.19234 	 127.06868
1.14445 	 265.32727 	 127.08689
1.77537 	 265.90128 	 127.41637
1.97919 	 266.58396 	 127.88243
1.83899 	 267.19318 	 128.25357
1.14587 	 267.32935 	 128.27212
1.29885 	 267.59083 	 128.34049
1.31345 	 267.86349 	 128.41483
1.80508 	 268.45409 	 128.76364
1.60577 	 268.92770 	 128.98795
1.44912 	 269.29865 	 129.12556
1.97417 	 269.97880 	 129.58816
1.73468 	 270.52962 	 129.89156
1.64190 	 271.02548 	 130.13744
1.96231 	 271.69960 	 130.59188
1.18231 	 271.86707 	 130.61992
1.37405 	 272.18483 	 130.72090
1.61684 	 272.66531 	 130.95175
1.03366 	 272.69841 	 130.95285
1.21537 	 272.89345 	 130.99089
1.84826 	 273.50770 	 131.36818
1.55575 	 273.94965 	 131.56351
1.38748 	 274.27714 	 131.67076
1.88774 	 274.91252 	 132.07447
1.04261 	 274.95425 	 132.07621
1.85900 	 275.57429 	 132.46066
1.69010 	 276.09908 	 132.73606
1.07511 	 276.17150 	 132.74131
1.77794 	 276.74696 	 133.07246
1.68972 	 277.27152 	 133.34763
1.66547 	 277.78163 	 133.60784
1.48004 	 278.17370 	 133.76156
1.83418 	 278.78030 	 134.12952
1.44084 	 279.14552 	 134.26290
1.45923 	 279.52343 	 134.40572
1.67317 	 280.03815 	 134.67066
1.58671 	 280.49981 	 134.88379
1.75808 	 281.06403 	 135.20214
1.98662 	 281.75047 	 135.67333
1.39179 	 282.08106 	 135.78262
1.36386 	 282.39138 	 135.87891
1.43574 	 282.75306 	 136.00973
1.36596 	 283.06492 	 136.10698
1.09853 	 283.15889 	 136.11582
1.07764 	 283.23367 	 136.12141
1.32828 	 283.51755 	 136.20200
1.28084 	 283.76506 	 136.26326
1.45169 	 284.13779 	 136.40219
1.94512 	 284.80312 	 136.84484
1.31450 	 285.07657 	 136.91962
1.66706 	 285.58763 	 137.18080
1.79337 	 286.17173 	 137.52197
1.87024 	 286.79780 	 137.91393
1.05454 	 286.85090 	 137.91675
1.68111 	 287.37036 	 138.18659
1.91286 	 288.01895 	 138.60726
1.91354 	 288.66791 	 139.02841
1.37121 	 288.98360 	 139.12807
1.98796 	 289.67071 	 139.60019
1.69149 	 290.19632 	 139.87646
1.06094 	 290.25547 	 139.87995
1.65343 	 290.75833 	 140.13282
1.17153 	 290.91664 	 140.15788
1.89511 	 291.55592 	 140.56656
1.09427 	 291.64600 	 140.57467
1.63076 	 292.13505 	 140.81384
1.56829 	 292.58503 	 141.01632
1.68098 	 293.10441 	 141.28607
1.38884 	 293.43287 	 141.39396
1.55491 	 293.87429 	 141.58881
1.07277 	 293.94453 	 141.59374
1.75269 	 294.50569 	 141.90864
1.99065 	 295.19415 	 142.38262
1.43873 	 295.55791 	 142.51494
1.85123 	 296.17376 	 142.89421
1.06829 	 296.23981 	 142.89857
1.76701 	 296.80910 	 143.22266
1.13207 	 296.93315 	 143.23805
1.51998 	 297.35184 	 143.41335
1.71212 	 297.88958 	 143.70251
1.44657 	 298.25877 	 143.83881
1.18704 	 298.43023 	 143.86821
1.50549 	 298.83935 	 144.03559
1.31681 	 299.11456 	 144.11133
1.24158 	 299.33094 	 144.15815
1.18661 	 299.50204 	 144.18743
1.22966 	 299.70878 	 144.23017
1.15512 	 299.85299 	 144.25097
1.55782 	 300.29627 	 144.44747
1.21762 	 300.49318 	 144.48624
1.84660 	 301.10652 	 144.86244
1.61876 	 301.58818 	 145.09443
1.87106 	 302.21469 	 145.48694
1.01813 	 302.23266 	 145.48726
1.51387 	 302.64733 	 145.65921
1.96532 	 303.32299 	 146.11573
1.64889 	 303.82309 	 146.36583
1.08216 	 303.90205 	 146.37206
1.64630 	 304.40058 	 146.62060
1.03773 	 304.43761 	 146.62197
1.63706 	 304.93052 	 146.86492
1.71907 	 305.47230 	 147.15845
1.79043 	 306.05476 	 147.49771
1.62771 	 306.54193 	 147.73505
1.15780 	 306.68845 	 147.75651
1.64165 	 307.18416 	 148.00224
1.69600 	 307.71243 	 148.28131
1.92481 	 308.36726 	 148.71011
1.77372 	 308.94034 	 149.03853
1.21598 	 309.13588 	 149.07677
1.63693 	 309.62871 	 149.31964
1.22029 	 309.82780 	 149.35928
1.40301 	 310.16642 	 149.47394
1.14243 	 310.29957 	 149.49167
1.53710 	 310.72947 	 149.67648
1.64459 	 311.22696 	 149.92398
1.32903 	 311.51141 	 150.00489
1.76676 	 312.08056 	 150.32882
1.79971 	 312.66818 	 150.67412
1.88686 	 313.30309 	 151.07723
1.98439 	 313.98840 	 151.54688
1.64631 	 314.48694 	 151.79542
1.50561 	 314.89614 	 151.96287
1.85544 	 315.51426 	 152.34494
1.66445 	 316.02375 	 152.60452
1.01949 	 316.04305 	 152.60490
1.82076 	 316.64231 	 152.96401
1.31334 	 316.91488 	 153.03830
1.10164 	 317.01168 	 153.04767
1.46707 	 317.39495 	 153.19456
1.35107 	 317.69584 	 153.28510
1.73871 	 318.24898 	 153.59107
1.18614 	 318.41969 	 153.62021
1.14149 	 318.55202 	 153.63772
1.36642 	 318.86422 	 153.73518
1.34394 	 319.15982 	 153.82257
1.78315 	 319.73820 	 154.15709
1.06242 	 319.79875 	 154.16076
1.26875 	 320.03678 	 154.21742
1.55687 	 320.47946 	 154.41338
1.27839 	 320.72506 	 154.47370
1.90568 	 321.36990 	 154.88952
1.77716 	 321.94492 	 155.22016
1.68141 	 322.46455 	 155.49018
1.04810 	 322.51153 	 155.49239
1.31426 	 322.78480 	 155.56706
1.32599 	 323.06697 	 155.64668
1.37714 	 323.38697 	 155.74908
1.08102 	 323.46488 	 155.75515
1.12570 	 323.58328 	 155.76917
1.26399 	 323.81756 	 155.82406
1.06540 	 323.88092 	 155.82807
1.77201 	 324.45303 	 156.15539
1.76961 	 325.02379 	 156.48115
1.92085 	 325.67655 	 156.90725
1.43646 	 326.03873 	 157.03843
1.78909 	 326.62044 	 157.37681
1.74161 	 327.17525 	 157.68463
1.74979 	 327.73475 	 157.99766
1.89074 	 328.37171 	 158.40339
1.20868 	 328.56124 	 158.43931
1.10086 	 328.65733 	 158.44854
1.62944 	 329.14557 	 158.68692
1.39482 	 329.47833 	 158.79765
1.24235 	 329.69534 	 158.84474
1.99586 	 330.38642 	 159.32233
1.73876 	 330.93959 	 159.62833
1.02550 	 330.96477 	 159.62896
1.05828 	 331.02141 	 159.63217
1.00750 	 331.02889 	 159.63222
1.58237 	 331.48781 	 159.84284
1.33667 	 331.77800 	 159.92704
1.91318 	 332.42676 	 160.34794
1.35953 	 332.73391 	 160.44228
1.01808 	 332.75182 	 160.44260
1.96129 	 333.42542 	 160.89634
1.67379 	 333.94052 	 161.16166
1.34407 	 334.23622 	 161.24910
1.33843 	 334.52771 	 161.33407
1.75481 	 335.09008 	 161.65032
1.46977 	 335.47518 	 161.79863
1.60242 	 335.94670 	 162.02095
1.82022 	 336.54565 	 162.37970
1.24178 	 336.76220 	 162.42659
1.37203 	 337.07849 	 162.52663
1.74106 	 337.63299 	 162.83410
1.67824 	 338.15073 	 163.10216
1.16112 	 338.30011 	 163.12447
1.48267 	 338.69396 	 163.27959
1.42803 	 339.05026 	 163.40654
1.05185 	 339.10081 	 163.40909
1.69135 	 339.62634 	 163.68527
1.52889 	 340.05088 	 163.86551
1.68130 	 340.57045 	 164.13546
1.08617 	 340.65310 	 164.14229
1.77125 	 341.22479 	 164.46911
1.67716 	 341.74189 	 164.73650
1.82492 	 342.34343 	 165.09835
1.79675 	 342.92940 	 165.44172
1.73543 	 343.48066 	 165.74561
1.83243 	 344.08630 	 166.11241
1.37912 	 344.40775 	 166.21574
1.07210 	 344.47737 	 166.22059
1.74561 	 345.03448 	 166.53095
1.73866 	 345.58759 	 166.83688
1.09018 	 345.67394 	 166.84434
1.70690 	 346.20861 	 167.13022
1.41245 	 346.55394 	 167.24947
1.43425 	 346.91458 	 167.37953
1.04532 	 346.95891 	 167.38150
1.16726 	 347.11357 	 167.40542
1.90402 	 347.75754 	 167.82012
1.64774 	 348.25695 	 168.06952
1.98748 	 348.94382 	 168.54131
1.14581 	 349.07993 	 168.55984
1.01977 	 349.09950 	 168.56022
1.72854 	 349.64678 	 168.85973
1.82405 	 350.24784 	 169.22100
1.18089 	 350.41410 	 169.24865
1.21122 	 350.60573 	 169.28537
1.25208 	 350.83053 	 169.33591
1.23274 	 351.03977 	 169.37969
1.90257 	 351.68298 	 169.79340
1.78097 	 352.26014 	 170.12651
1.91404 	 352.90935 	 170.54799
1.98874 	 353.59685 	 171.02065
1.55222 	 354.03654 	 171.21397
1.59119 	 354.50102 	 171.42971
1.81366 	 355.09637 	 171.78415
1.34897 	 355.39570 	 171.87375
1.32663 	 355.67834 	 171.95364
1.64609 	 356.17674 	 172.20204
1.72809 	 356.72376 	 172.50127
1.39873 	 357.05933 	 172.61387
1.39170 	 357.38985 	 172.72312
1.46675 	 357.77290 	 172.86985
1.48891 	 358.17094 	 173.02829
1.09860 	 358.26498 	 173.03713
1.87920 	 358.89582 	 173.43509
1.92317 	 359.54979 	 173.86277
1.14392 	 359.68425 	 173.88085
1.04646 	 359.72966 	 173.88292
1.82719 	 360.33244 	 174.24626
1.79166 	 360.91559 	 174.58631
1.03394 	 360.94896 	 174.58743
1.97300 	 361.62852 	 175.04922
1.81143 	 362.22263 	 175.40220
1.76248 	 362.78936 	 175.72337
1.79704 	 363.37550 	 176.06694
1.99232 	 364.06480 	 176.54207
1.97370 	 364.74471 	 177.00435
1.04912 	 364.79266 	 177.00665
1.22506 	 364.99565 	 177.04785
1.87627 	 365.62494 	 177.44385
1.83009 	 366.22930 	 177.80911
1.13909 	 366.35954 	 177.82607
1.86501 	 366.98280 	 178.21453
1.38231 	 367.30656 	 178.31935
1.73029 	 367.85484 	 178.61997
1.67867 	 368.37284 	 178.88829
1.73128 	 368.92170 	 179.18954
1.05691 	 368.97705 	 179.19260
1.32475 	 369.25828 	 179.27169
1.45937 	 369.63628 	 179.41457
1.45564 	 370.01173 	 179.55553
1.71645 	 370.55199 	 179.84741
1.92611 	 371.20749 	 180.27710
1.94456 	 371.87253 	 180.71937
1.81504 	 372.46864 	 181.07472
1.80531 	 373.05937 	 181.42368
1.86773 	 373.68409 	 181.81396
1.95896 	 374.35650 	 182.26610
1.85177 	 374.97264 	 182.64573
1.69492 	 375.50028 	 182.92412
1.75062 	 376.06025 	 183.23769
1.88571 	 376.69455 	 183.64003
1.66792 	 377.20613 	 183.90174
1.56205 	 377.65213 	 184.10066
1.64819 	 378.15181 	 184.35034
1.46496 	 378.53363 	 184.49613
1.55437 	 378.97470 	 184.69067
1.62189 	 379.45830 	 184.92453
1.51408 	 379.87311 	 185.09660
1.77942 	 380.44940 	 185.42871
1.49816 	 380.85363 	 185.59212
1.34418 	 381.14942 	 185.67961
1.91852 	 381.80097 	 186.10413
1.36317 	 382.11078 	 186.20011
1.72649 	 382.65687 	 186.49832
1.64880 	 383.15692 	 186.74837
1.04183 	 383.19790 	 186.75005
1.45777 	 383.57481 	 186.89211
1.70571 	 384.10879 	 187.17725
1.36659 	 384.42110 	 187.27479
1.91713 	 385.07193 	 187.69837
1.16136 	 385.22153 	 187.72074
1.08304 	 385.30129 	 187.72711
1.84324 	 385.91282 	 188.10107
1.10592 	 386.01349 	 188.11121
0.38601 0.188111
Integral = 0.38601 +/- 0.00626   there for is -0.044834 standard deviations aways from exact answer
