10 -0.056000 9.992000
11 0.092000 11.504000
12 -0.056000 12.160000
13 0.038000 12.672000
14 -0.234000 14.204000
15 -0.056000 14.896000
16 0.200000 15.880000
17 0.136000 17.200000
18 0.052000 18.360000
19 0.152000 19.696000
20 0.100000 20.456000
21 0.008000 19.688000
22 0.130000 20.620000
23 -0.166000 21.648000
24 -0.148000 22.296000
25 0.114000 25.376000
26 -0.176000 26.944000
27 -0.048000 27.656000
28 -0.304000 26.680000
29 -0.142000 30.536000
30 -0.206000 30.044000
31 0.278000 30.040000
32 0.220000 29.936000
33 0.156000 34.176000
34 -0.090000 32.340000
35 -0.162000 39.160000
36 -0.052000 36.976000
37 -0.034000 38.376000
38 -0.170000 38.652000
39 -0.206000 40.712000
40 -0.246000 41.028000
41 -0.092000 43.576000
42 -0.024000 46.168000
43 0.088000 42.064000
44 0.176000 42.520000
45 -0.242000 42.160000
46 0.132000 45.888000
47 -0.128000 50.408000
48 0.136000 49.656000
49 0.000000 47.624000
50 -0.318000 51.308000
51 0.160000 50.824000
52 0.458000 51.436000
53 0.124000 51.928000
54 0.036000 55.024000
55 0.442000 57.192000
56 0.050000 60.388000
57 0.130000 58.624000
58 0.164000 58.136000
59 -0.278000 56.040000
60 -0.110000 59.716000
61 0.196000 59.024000
62 0.190000 65.844000
63 0.396000 59.240000
64 -0.124000 64.584000
65 0.454000 62.856000
66 -0.362000 66.604000
67 0.134000 63.528000
68 -0.292000 74.512000
69 -0.218000 72.912000
70 -0.118000 68.620000
71 0.348000 71.360000
72 0.080000 74.816000
73 -0.224000 69.312000
74 -0.130000 72.572000
75 -0.352000 76.104000
76 -0.108000 77.032000
77 0.044000 75.048000
78 -0.136000 74.944000
79 0.212000 87.408000
80 0.248000 81.368000
81 -0.294000 83.408000
82 -0.126000 86.196000
83 -0.740000 78.112000
84 -0.098000 82.788000
85 0.356000 81.672000
86 0.114000 87.084000
87 -0.050000 94.208000
88 -0.132000 87.264000
89 0.334000 86.928000
90 -0.240000 80.248000
91 -0.062000 95.824000
92 -0.156000 97.056000
93 -0.246000 95.632000
94 -0.088000 98.936000
95 -0.390000 95.720000
96 0.516000 97.504000
97 -0.326000 94.384000
98 -0.400000 101.784000
99 -0.080000 102.304000
