Intial position in x : 1
Intial velocity in y : .7

Time 					 E 				 L 		 Deviation in E 	 Deviation in L
0.00000e+00 	 -7.55000e-01 	 7.00000e-01	0.000000e+00 	 0.0000000000000000e+00
6.28319e-04 	 -7.55000e-01 	 7.00000e-01	1.521006e-14 	 0.0000000000000000e+00
1.25664e-03 	 -7.55000e-01 	 7.00000e-01	1.522116e-13 	 0.0000000000000000e+00
1.88496e-03 	 -7.55000e-01 	 7.00000e-01	5.321299e-13 	 1.1102230246251565e-16
2.51327e-03 	 -7.55000e-01 	 7.00000e-01	1.276979e-12 	 0.0000000000000000e+00
3.14159e-03 	 -7.55000e-01 	 7.00000e-01	2.508105e-12 	 1.1102230246251565e-16
3.76991e-03 	 -7.55000e-01 	 7.00000e-01	4.347522e-12 	 1.1102230246251565e-16
4.39823e-03 	 -7.55000e-01 	 7.00000e-01	6.916578e-12 	 2.2204460492503131e-16
5.02655e-03 	 -7.55000e-01 	 7.00000e-01	1.033706e-11 	 1.1102230246251565e-16
.................

6.28067e+00 	 -7.64000e-01 	 7.00000e-01	8.999898e-03 	 2.6645352591003757e-15
6.28130e+00 	 -7.64000e-01 	 7.00000e-01	8.999935e-03 	 2.5535129566378600e-15
6.28193e+00 	 -7.64000e-01 	 7.00000e-01	8.999973e-03 	 2.4424906541753444e-15
6.28256e+00 	 -7.64000e-01 	 7.00000e-01	9.000010e-03 	 2.4424906541753444e-15
6.28319e+00 	 -7.64000e-01 	 7.00000e-01	9.000048e-03 	 2.4424906541753444e-15



Intial position in x : 1
Intial velocity in y : 1
=
Time 				 E 				 L 	 		Deviation in E 	 	Deviation in L
0.00000e+00 	 -5.00000e-01 	 1.00000e+00	0.000000e+00 	 0.0000000000000000e+00
6.28319e-04 	 -5.00000e-01 	 1.00000e+00	0.000000e+00 	 0.0000000000000000e+00
1.25664e-03 	 -5.00000e-01 	 1.00000e+00	2.220446e-16 	 1.1102230246251565e-16
1.88496e-03 	 -5.00000e-01 	 1.00000e+00	1.110223e-16 	 1.1102230246251565e-16
2.51327e-03 	 -5.00000e-01 	 1.00000e+00	1.110223e-16 	 1.1102230246251565e-16
3.14159e-03 	 -5.00000e-01 	 1.00000e+00	4.440892e-16 	 3.3306690738754696e-16
3.76991e-03 	 -5.00000e-01 	 1.00000e+00	4.440892e-16 	 2.2204460492503131e-16
4.39823e-03 	 -5.00000e-01 	 1.00000e+00	2.220446e-16 	 1.1102230246251565e-16
5.02655e-03 	 -5.00000e-01 	 1.00000e+00	2.220446e-16 	 2.2204460492503131e-16
.........

6.28067e+00 	 -5.00000e-01 	 1.00000e+00	4.773959e-15 	 4.8849813083506888e-15
6.28130e+00 	 -5.00000e-01 	 1.00000e+00	4.551914e-15 	 4.6629367034256575e-15
6.28193e+00 	 -5.00000e-01 	 1.00000e+00	4.551914e-15 	 4.6629367034256575e-15
6.28256e+00 	 -5.00000e-01 	 1.00000e+00	4.662937e-15 	 4.8849813083506888e-15
6.28319e+00 	 -5.00000e-01 	 1.00000e+00	4.662937e-15 	 4.6629367034256575e-15
